-10.0000000000000000  -10.0000000000000000
-9.0000000000000000  -10.0000000000000000
-8.0000000000000000  -10.0000000000000000
-7.0000000000000000  -10.0000000000000000
-6.0000000000000000  -10.0000000000000000
-5.0000000000000000  -10.0000000000000000
-4.0000000000000000  -10.0000000000000000
-3.0000000000000000  -10.0000000000000000
-2.0000000000000000  -10.0000000000000000
-1.0000000000000000  -10.0000000000000000
0.0000000000000000  -10.0000000000000000
1.0000000000000000  -10.0000000000000000
2.0000000000000000  -10.0000000000000000
3.0000000000000000  -10.0000000000000000
4.0000000000000000  -10.0000000000000000
5.0000000000000000  -10.0000000000000000
6.0000000000000000  -10.0000000000000000
7.0000000000000000  -10.0000000000000000
8.0000000000000000  -10.0000000000000000
9.0000000000000000  -10.0000000000000000
10.0000000000000000  -10.0000000000000000
10.0000000000000000  -10.0000000000000000
10.0000000000000000  -9.0000000000000000
10.0000000000000000  -8.0000000000000000
10.0000000000000000  -7.0000000000000000
10.0000000000000000  -6.0000000000000000
10.0000000000000000  -5.0000000000000000
10.0000000000000000  -4.0000000000000000
10.0000000000000000  -3.0000000000000000
10.0000000000000000  -2.0000000000000000
10.0000000000000000  -1.0000000000000000
10.0000000000000000  0.0000000000000000
10.0000000000000000  1.0000000000000000
10.0000000000000000  2.0000000000000000
10.0000000000000000  3.0000000000000000
10.0000000000000000  4.0000000000000000
10.0000000000000000  5.0000000000000000
10.0000000000000000  6.0000000000000000
10.0000000000000000  7.0000000000000000
10.0000000000000000  8.0000000000000000
10.0000000000000000  9.0000000000000000
10.0000000000000000  10.0000000000000000
10.0000000000000000  10.0000000000000000
9.0000000000000000  10.0000000000000000
8.0000000000000000  10.0000000000000000
7.0000000000000000  10.0000000000000000
6.0000000000000000  10.0000000000000000
5.0000000000000000  10.0000000000000000
4.0000000000000000  10.0000000000000000
3.0000000000000000  10.0000000000000000
2.0000000000000000  10.0000000000000000
1.0000000000000000  10.0000000000000000
0.0000000000000000  10.0000000000000000
-1.0000000000000000  10.0000000000000000
-2.0000000000000000  10.0000000000000000
-3.0000000000000000  10.0000000000000000
-4.0000000000000000  10.0000000000000000
-5.0000000000000000  10.0000000000000000
-6.0000000000000000  10.0000000000000000
-7.0000000000000000  10.0000000000000000
-8.0000000000000000  10.0000000000000000
-9.0000000000000000  10.0000000000000000
-10.0000000000000000  10.0000000000000000
-10.0000000000000000  10.0000000000000000
-10.0000000000000000  9.0000000000000000
-10.0000000000000000  8.0000000000000000
-10.0000000000000000  7.0000000000000000
-10.0000000000000000  6.0000000000000000
-10.0000000000000000  5.0000000000000000
-10.0000000000000000  4.0000000000000000
-10.0000000000000000  3.0000000000000000
-10.0000000000000000  2.0000000000000000
-10.0000000000000000  1.0000000000000000
-10.0000000000000000  0.0000000000000000
-10.0000000000000000  -1.0000000000000000
-10.0000000000000000  -2.0000000000000000
-10.0000000000000000  -3.0000000000000000
-10.0000000000000000  -4.0000000000000000
-10.0000000000000000  -5.0000000000000000
-10.0000000000000000  -6.0000000000000000
-10.0000000000000000  -7.0000000000000000
-10.0000000000000000  -8.0000000000000000
-10.0000000000000000  -9.0000000000000000
-10.0000000000000000  -10.0000000000000000
         NaN           NaN
1.9847787923669822  -0.3486229709906327
1.9392310120488321  -0.6945927106677213
1.8637033051562732  -1.0352761804100830
1.7587704831436337  -1.3680805733026749
1.6252311481465997  -1.6904730469627978
1.4641016151377544  -2.0000000000000000
1.2766081771559672  -2.2943057454041842
1.0641777724759121  -2.5711504387461570
0.8284271247461903  -2.8284271247461903
0.5711504387461570  -3.0641777724759121
0.2943057454041842  -3.2766081771559672
0.0000000000000000  -3.4641016151377544
-0.3095269530372022  -3.6252311481465997
-0.6319194266973251  -3.7587704831436337
-0.9647238195899170  -3.8637033051562732
-1.3054072893322788  -3.9392310120488321
-1.6513770290093674  -3.9847787923669822
-2.0000000000000000  -4.0000000000000000
-2.3486229709906326  -3.9847787923669822
-2.6945927106677212  -3.9392310120488321
-3.0352761804100830  -3.8637033051562732
-3.3680805733026746  -3.7587704831436337
-3.6904730469627980  -3.6252311481465997
-4.0000000000000000  -3.4641016151377544
-4.2943057454041842  -3.2766081771559672
-4.5711504387461570  -3.0641777724759121
-4.8284271247461898  -2.8284271247461903
-5.0641777724759116  -2.5711504387461570
-5.2766081771559676  -2.2943057454041842
-5.4641016151377544  -2.0000000000000000
-5.6252311481466002  -1.6904730469627978
-5.7587704831436337  -1.3680805733026749
-5.8637033051562728  -1.0352761804100830
-5.9392310120488325  -0.6945927106677213
-5.9847787923669822  -0.3486229709906327
-6.0000000000000000  0.0000000000000000
-5.9847787923669822  0.3486229709906327
-5.9392310120488325  0.6945927106677213
-5.8637033051562728  1.0352761804100830
-5.7587704831436337  1.3680805733026749
-5.6252311481466002  1.6904730469627978
-5.4641016151377544  2.0000000000000000
-5.2766081771559676  2.2943057454041842
-5.0641777724759116  2.5711504387461570
-4.8284271247461898  2.8284271247461903
-4.5711504387461570  3.0641777724759121
-4.2943057454041842  3.2766081771559672
-4.0000000000000000  3.4641016151377544
-3.6904730469627980  3.6252311481465997
-3.3680805733026746  3.7587704831436337
-3.0352761804100830  3.8637033051562732
-2.6945927106677212  3.9392310120488321
-2.3486229709906326  3.9847787923669822
-2.0000000000000000  4.0000000000000000
-1.6513770290093674  3.9847787923669822
-1.3054072893322788  3.9392310120488321
-0.9647238195899170  3.8637033051562732
-0.6319194266973251  3.7587704831436337
-0.3095269530372022  3.6252311481465997
0.0000000000000000  3.4641016151377544
0.2943057454041842  3.2766081771559672
0.5711504387461570  3.0641777724759121
0.8284271247461903  2.8284271247461903
1.0641777724759121  2.5711504387461570
1.2766081771559672  2.2943057454041842
1.4641016151377544  2.0000000000000000
1.6252311481465997  1.6904730469627978
1.7587704831436337  1.3680805733026749
1.8637033051562732  1.0352761804100830
1.9392310120488321  0.6945927106677213
1.9847787923669822  0.3486229709906327
2.0000000000000000  0.0000000000000000
         NaN           NaN
6.9923893961834906  2.8256885145046837
6.9696155060244163  2.6527036446661394
6.9318516525781364  2.4823619097949585
6.8793852415718169  2.3159597133486627
6.8126155740733001  2.1547634765186010
6.7320508075688767  2.0000000000000000
6.6383040885779838  1.8528471272979079
6.5320888862379558  1.7144247806269215
6.4142135623730949  1.5857864376269049
6.2855752193730785  1.4679111137620440
6.1471528727020921  1.3616959114220164
6.0000000000000000  1.2679491924311228
5.8452365234813985  1.1873844259267001
5.6840402866513378  1.1206147584281831
5.5176380902050415  1.0681483474218634
5.3472963553338611  1.0303844939755840
5.1743114854953163  1.0076106038165089
5.0000000000000000  1.0000000000000000
4.8256885145046837  1.0076106038165089
4.6527036446661389  1.0303844939755840
4.4823619097949585  1.0681483474218634
4.3159597133486622  1.1206147584281831
4.1547634765186015  1.1873844259267001
4.0000000000000000  1.2679491924311228
3.8528471272979079  1.3616959114220164
3.7144247806269215  1.4679111137620440
3.5857864376269051  1.5857864376269049
3.4679111137620442  1.7144247806269215
3.3616959114220162  1.8528471272979079
3.2679491924311228  2.0000000000000000
3.1873844259266999  2.1547634765186010
3.1206147584281831  2.3159597133486627
3.0681483474218636  2.4823619097949585
3.0303844939755837  2.6527036446661394
3.0076106038165089  2.8256885145046837
3.0000000000000000  3.0000000000000000
3.0076106038165089  3.1743114854953163
3.0303844939755837  3.3472963553338606
3.0681483474218636  3.5176380902050415
3.1206147584281831  3.6840402866513373
3.1873844259266999  3.8452365234813990
3.2679491924311228  4.0000000000000000
3.3616959114220162  4.1471528727020921
3.4679111137620442  4.2855752193730785
3.5857864376269051  4.4142135623730949
3.7144247806269215  4.5320888862379558
3.8528471272979079  4.6383040885779838
4.0000000000000000  4.7320508075688767
4.1547634765186015  4.8126155740733001
4.3159597133486622  4.8793852415718169
4.4823619097949585  4.9318516525781364
4.6527036446661389  4.9696155060244163
4.8256885145046837  4.9923893961834906
5.0000000000000000  5.0000000000000000
5.1743114854953163  4.9923893961834906
5.3472963553338611  4.9696155060244163
5.5176380902050415  4.9318516525781364
5.6840402866513378  4.8793852415718169
5.8452365234813985  4.8126155740733001
6.0000000000000000  4.7320508075688767
6.1471528727020921  4.6383040885779838
6.2855752193730785  4.5320888862379558
6.4142135623730949  4.4142135623730949
6.5320888862379558  4.2855752193730785
6.6383040885779838  4.1471528727020921
6.7320508075688767  4.0000000000000000
6.8126155740733001  3.8452365234813990
6.8793852415718169  3.6840402866513373
6.9318516525781364  3.5176380902050415
6.9696155060244163  3.3472963553338606
6.9923893961834906  3.1743114854953163
7.0000000000000000  3.0000000000000000
         NaN           NaN
3.9885840942752369  -6.2614672282429744
3.9544232590366239  -6.5209445330007911
3.8977774788672050  -6.7764571353075622
3.8190778623577253  -7.0260604299770062
3.7189233611099497  -7.2678547852220987
3.5980762113533160  -7.5000000000000000
3.4574561328669753  -7.7207293090531381
3.2981333293569342  -7.9283628290596173
3.1213203435596428  -8.1213203435596419
2.9283628290596178  -8.2981333293569346
2.7207293090531381  -8.4574561328669748
2.5000000000000000  -8.5980762113533160
2.2678547852220983  -8.7189233611099493
2.0260604299770062  -8.8190778623577248
1.7764571353075622  -8.8977774788672050
1.5209445330007911  -8.9544232590366235
1.2614672282429744  -8.9885840942752360
1.0000000000000000  -9.0000000000000000
0.7385327717570255  -8.9885840942752360
0.4790554669992090  -8.9544232590366235
0.2235428646924378  -8.8977774788672050
-0.0260604299770062  -8.8190778623577248
-0.2678547852220983  -8.7189233611099493
-0.5000000000000000  -8.5980762113533160
-0.7207293090531381  -8.4574561328669748
-0.9283628290596178  -8.2981333293569346
-1.1213203435596428  -8.1213203435596419
-1.2981333293569342  -7.9283628290596173
-1.4574561328669753  -7.7207293090531381
-1.5980762113533160  -7.5000000000000000
-1.7189233611099497  -7.2678547852220987
-1.8190778623577253  -7.0260604299770062
-1.8977774788672050  -6.7764571353075622
-1.9544232590366239  -6.5209445330007911
-1.9885840942752369  -6.2614672282429744
-2.0000000000000000  -6.0000000000000000
-1.9885840942752369  -5.7385327717570256
-1.9544232590366239  -5.4790554669992089
-1.8977774788672050  -5.2235428646924378
-1.8190778623577253  -4.9739395700229938
-1.7189233611099497  -4.7321452147779013
-1.5980762113533160  -4.5000000000000000
-1.4574561328669753  -4.2792706909468619
-1.2981333293569342  -4.0716371709403827
-1.1213203435596428  -3.8786796564403572
-0.9283628290596178  -3.7018666706430658
-0.7207293090531381  -3.5425438671330247
-0.5000000000000000  -3.4019237886466840
-0.2678547852220983  -3.2810766388900503
-0.0260604299770062  -3.1809221376422747
0.2235428646924378  -3.1022225211327950
0.4790554669992090  -3.0455767409633761
0.7385327717570255  -3.0114159057247631
1.0000000000000000  -3.0000000000000000
1.2614672282429744  -3.0114159057247631
1.5209445330007911  -3.0455767409633761
1.7764571353075622  -3.1022225211327950
2.0260604299770062  -3.1809221376422747
2.2678547852220983  -3.2810766388900503
2.5000000000000000  -3.4019237886466840
2.7207293090531381  -3.5425438671330247
2.9283628290596178  -3.7018666706430658
3.1213203435596428  -3.8786796564403572
3.2981333293569342  -4.0716371709403827
3.4574561328669753  -4.2792706909468619
3.5980762113533160  -4.5000000000000000
3.7189233611099497  -4.7321452147779013
3.8190778623577253  -4.9739395700229938
3.8977774788672050  -5.2235428646924378
3.9544232590366239  -5.4790554669992089
3.9885840942752369  -5.7385327717570256
4.0000000000000000  -6.0000000000000000
