-4    0
-3    0
-2    0
-1.0    1.2246467991473532e-16
-0.9961946980917455    0.08715574274765864
-0.9848077530122081    0.17364817766693025
-0.9659258262890682    0.258819045102521
-0.9396926207859083    0.3420201433256689
-0.9063077870366499    0.4226182617406995
-0.8660254037844387    0.49999999999999994
-0.8191520442889917    0.5735764363510464
-0.7660444431189779    0.6427876096865395
-0.7071067811865475    0.7071067811865476
-0.6427876096865393    0.7660444431189781
-0.5735764363510458    0.819152044288992
-0.4999999999999998    0.8660254037844388
-0.42261826174069933    0.90630778703665
-0.3420201433256687    0.9396926207859084
-0.25881904510252085    0.9659258262890683
-0.1736481776669303    0.984807753012208
-0.08715574274765824    0.9961946980917455
0    1
0    2
0    3
0    4
-1    4
-2    4
-3    4
-4    4
-4    3
-4    2
-4    1
