-3.06162e-016	-3.7494e-032	-5
-3.06162e-016	-3.7494e-032	5
-0.782172	-9.57885e-017	-4.93844
-1.54509	-1.89218e-016	-4.75528
-2.26995	-2.77989e-016	-4.45503
-2.93893	-3.59915e-016	-4.04509
-3.53553	-4.32978e-016	-3.53553
-4.04509	-4.9538e-016	-2.93893
-4.45503	-5.45584e-016	-2.26995
-4.75528	-5.82354e-016	-1.54509
-4.93844	-6.04785e-016	-0.782172
-5	-6.12323e-016	5.41797e-014
-4.93844	-6.04785e-016	0.782172
-4.75528	-5.82354e-016	1.54509
-4.45503	-5.45584e-016	2.26995
-4.04509	-4.9538e-016	2.93893
-3.53553	-4.32978e-016	3.53553
-2.93893	-3.59915e-016	4.04509
-2.26995	-2.77989e-016	4.45503
-1.54509	-1.89218e-016	4.75528
-0.782172	-9.57885e-017	4.93844
0.458441	-0.15176	-4.97663
-0.315782	-0.603861	-4.95335
-0.239821	-0.62603	4.95485
0.463327	0.151527	4.97618
-0.23013	0.628944	-4.95494
-1.88371	0.661755	-4.58407
-2.57885	0.664462	-4.23178
-3.20938	-0.665506	-3.77584
-3.20938	0.665506	-3.77584
-3.76062	0.666003	-3.2271
-4.57417	-0.6671	-1.90577
-4.57417	0.6671	-1.90577
-4.93947	-0.669689	-0.391394
-4.93947	0.669689	-0.391394
-4.93947	0.669689	0.391394
-4.81615	0.669725	1.16455
-4.57417	0.6671	1.90577
-4.2193	0.666369	2.59874
-3.20938	-0.665506	3.77584
-3.20938	0.665506	3.77584
-1.88371	-0.661755	4.58407
-1.88371	0.661755	4.58407
-1.1197	-0.662467	-4.82778
-1.10883	0.668295	-4.82948
-1.88371	-0.661755	-4.58407
-2.57885	-0.664462	-4.23178
-3.76062	-0.666003	-3.2271
-4.2193	-0.666369	-2.59874
-4.2193	0.666369	-2.59874
-4.81615	-0.669725	-1.16455
-4.81615	0.669725	-1.16455
-4.93947	-0.669689	0.391394
-4.81615	-0.669725	1.16455
-4.57417	-0.6671	1.90577
-4.2193	-0.666369	2.59874
-3.76062	-0.666003	3.2271
-3.76062	0.666003	3.2271
-2.57885	-0.664462	4.23178
-0.316348	0.600891	4.95367
-2.57885	0.664462	4.23178
-1.11062	-0.66734	4.8292
-1.11969	0.662447	4.82778
-0.649146	1.24154	4.79971
-0.649146	1.24154	-4.79971
-0.649146	-1.24154	4.79971
-0.649146	-1.24154	-4.79971
-3.88586	-1.32443	2.85411
-4.28482	-1.3253	2.20996
-4.57887	-1.32656	1.50805
-4.75903	-1.3294	0.764386
-3.88586	-1.32443	-2.85411
-1.45722	-1.30977	-4.60011
-2.16604	-1.31879	-4.30918
-1.45722	1.30977	4.60011
-2.16604	1.31879	4.30918
-2.16604	-1.31879	4.30918
-1.45722	-1.30977	4.60011
-2.8154	1.32208	3.91479
-3.39113	1.3237	3.42754
-2.8154	-1.32208	3.91479
-3.39113	-1.3237	3.42754
-3.88586	1.32443	2.85411
-4.28482	1.3253	2.20996
-4.57887	1.32656	1.50805
-4.75903	1.3294	0.764386
-4.82006	1.3293	5.32907e-014
-4.75903	1.3294	-0.764386
-4.75903	-1.3294	-0.764386
-4.82006	-1.3293	5.32907e-014
-4.57887	1.32656	-1.50805
-4.28482	1.3253	-2.20996
-4.57887	-1.32656	-1.50805
-4.28482	-1.3253	-2.20996
-3.88586	1.32443	-2.85411
-3.39113	1.3237	-3.42754
-3.39113	-1.3237	-3.42754
-2.8154	-1.32208	-3.91479
-2.8154	1.32208	-3.91479
-2.16604	1.31879	-4.30918
-1.45722	1.30977	-4.60011
0.434952	-0.636096	4.94026
0.40336	0.688165	4.93596
0.435754	0.635033	-4.94033
0.405987	-0.68936	-4.93558
-1.71576	1.95238	-4.27135
-1.71576	-1.95238	4.27135
-1.71576	1.95238	4.27135
-1.71576	-1.95238	-4.27135
-0.95343	-1.89401	-4.5281
-0.95343	-1.89401	4.5281
-0.95343	1.89401	-4.5281
-0.95343	1.89401	4.5281
-2.36918	1.96046	-3.94253
-2.36918	-1.96046	-3.94253
-2.9569	-1.96462	-3.52094
-2.9569	1.96462	-3.52094
-3.47153	1.96525	-3.01434
-4.23495	-1.96579	-1.78911
-3.90088	1.96596	-2.43272
-4.23495	1.96579	-1.78911
-4.46457	-1.96556	-1.09737
-4.58404	-1.96222	-0.369147
-4.46457	1.96556	-1.09737
-4.58404	1.96222	-0.369147
-4.58404	1.96222	0.369147
-4.46457	1.96556	1.09737
-4.23495	1.96579	1.78911
-3.90088	1.96596	2.43272
-2.9569	-1.96462	3.52094
-2.36918	-1.96046	3.94253
-3.47153	1.96525	3.01434
-2.36918	1.96046	3.94253
-2.9569	1.96462	3.52094
-3.90088	-1.96596	-2.43272
-3.47153	-1.96525	-3.01434
-4.58404	-1.96222	0.369147
-4.46457	-1.96556	1.09737
-4.23495	-1.96579	1.78911
-3.47153	-1.96525	3.01434
-3.90088	-1.96596	2.43272
0.128176	-1.22107	-4.84691
0.100282	-1.21165	4.84993
0.102602	1.21259	-4.84965
0.0914293	1.21602	4.84901
1.07399	-0.338184	-4.87157
1.0639	0.373486	-4.8712
1.08225	0.382327	4.86647
1.0716	-0.364157	4.87022
-1.19521	-2.51792	-4.15109
-1.19521	2.51792	4.15109
-1.19521	-2.51792	4.15109
-1.19521	2.51792	-4.15109
1.72642	0	4.69249
1.71599	0.0726169	-4.69575
-3.43556	-2.57959	2.55785
-3.79716	-2.57939	1.982
-4.06431	-2.57672	1.35718
-4.23157	-2.57342	0.68654
-3.43556	-2.57959	-2.55785
-1.88987	2.56889	3.85087
-2.47539	2.57663	3.49763
-2.99437	2.57937	3.06278
-1.88987	-2.56889	3.85087
-2.99437	-2.57937	3.06278
-2.47539	-2.57663	3.49763
-3.43556	2.57959	2.55785
-3.79716	2.57939	1.982
-4.06431	2.57672	1.35718
-4.23157	2.57342	0.68654
-4.2879	2.57175	5.32907e-014
-4.23157	2.57342	-0.68654
-4.2879	-2.57175	5.32907e-014
-4.23157	-2.57342	-0.68654
-4.06431	2.57672	-1.35718
-3.79716	2.57939	-1.982
-3.79716	-2.57939	-1.982
-4.06431	-2.57672	-1.35718
-3.43556	2.57959	-2.55785
-2.99437	2.57937	-3.06278
-2.99437	-2.57937	-3.06278
-1.88987	-2.56889	-3.85087
-2.47539	-2.57663	-3.49763
-2.47539	2.57663	-3.49763
-1.88987	2.56889	-3.85087
-0.190212	1.8309	4.64883
-0.190212	1.8309	-4.64883
-0.190212	-1.8309	4.64883
-0.190212	-1.8309	-4.64883
0.899711	-1.19733	4.77042
0.899933	1.20134	4.76937
0.89843	1.19929	-4.77017
1.02788	-1.09654	-4.76876
-1.96443	3.14704	-3.35219
-1.96443	-3.14704	-3.35219
-2.47073	-3.15319	-2.99213
-2.47073	3.15319	-2.99213
-2.90999	3.15573	-2.56385
-3.56984	-3.15247	-1.52255
-3.27938	3.15369	-2.07363
-3.56984	3.15247	-1.52255
-3.77362	-3.145	-0.932105
-3.87609	-3.14298	-0.312447
-3.77362	3.145	-0.932105
-3.87609	3.14298	-0.312447
-3.87609	3.14298	0.312447
-3.77362	3.145	0.932105
-3.56984	3.15247	1.52255
-3.27938	3.15369	2.07363
-2.47073	-3.15319	2.99213
-1.96443	-3.14704	3.35219
-2.90999	3.15573	2.56385
-2.47073	3.15319	2.99213
-1.96443	3.14704	3.35219
-2.90999	-3.15573	-2.56385
-3.27938	-3.15369	-2.07363
-3.87609	-3.14298	0.312447
-3.77362	-3.145	0.932105
-3.56984	-3.15247	1.52255
-3.27938	-3.15369	2.07363
-2.90999	-3.15573	2.56385
-1.35132	3.10397	-3.67958
-1.35132	-3.10397	3.67958
-1.35132	3.10397	3.67958
-1.35132	-3.10397	-3.67958
0.579871	-1.74434	-4.64984
0.562737	-1.76197	4.6453
0.561378	1.7651	-4.64427
0.562806	1.76208	4.64525
1.70527	-0.64225	-4.65613
1.54679	0.903249	-4.66814
1.54611	0.89681	4.66961
1.54638	-0.890903	4.67065
-0.469038	-2.46659	-4.32388
-0.469038	-2.46659	4.32388
-0.469038	2.46659	-4.32388
-0.469038	2.46659	4.32388
-2.70342	-3.67735	2.04172
-2.99756	-3.67474	1.58458
-3.22102	-3.67071	1.07278
-3.4035	-3.62044	0.555482
-2.70342	-3.67735	-2.04172
-1.40021	3.63796	3.13124
-1.92268	3.67259	2.7956
-2.37698	3.63097	2.48315
-1.40021	-3.63796	3.13124
-1.92268	-3.67259	2.7956
-2.37748	-3.63003	2.48404
-2.70342	3.67735	2.04172
-2.99756	3.67474	1.58458
-3.22102	3.67071	1.07278
-3.4028	3.62114	0.555223
-3.40451	3.66188	4.44089e-014
-3.40343	3.6205	-0.555535
-3.40451	-3.66188	4.88498e-014
-3.40277	-3.62116	-0.555299
-3.22102	3.67071	-1.07278
-2.99756	3.67474	-1.58458
-3.22102	-3.67071	-1.07278
-2.99756	-3.67474	-1.58458
-2.70342	3.67735	-2.04172
-2.37748	3.63003	-2.48404
-2.37698	-3.63097	-2.48315
-1.40021	-3.63796	-3.13124
-1.92268	-3.67259	-2.7956
-1.92268	3.67259	-2.7956
-1.40021	3.63796	-3.13124
-0.698227	-3.05874	-3.89315
-0.694697	3.05783	3.8945
-0.694695	-3.05783	3.89449
-0.694695	3.05783	-3.89449
2.13885	0.65076	4.47234
2.18158	-0.601891	4.45852
2.19199	0.586808	-4.45543
2.35002	-0.228101	-4.40742
0.294321	2.36459	4.39569
0.290128	2.36616	-4.39512
0.294322	-2.36459	4.39569
0.298626	-2.36233	-4.39661
1.36148	-1.72914	4.4896
1.36932	1.72762	4.48779
1.3608	1.73108	-4.48905
1.75764	-1.33231	-4.48728
1.29052	-1.71532	-4.51577
-2.00733	4.05774	-2.12259
-2.89256	-4.05652	-0.421594
-2.89804	4.05274	-0.420317
-2.89201	4.0567	0.423658
-1.99935	4.06115	2.1236
-1.99935	-4.06115	-2.1236
-2.89802	-4.05259	0.42186
-2.00737	-4.05775	2.12253
1.85566	-2.05641	-4.16266
2.81124	0.284342	-4.12506
-1.40277	4.12757	-2.44856
-1.38938	-4.10863	-2.48773
-2.61644	-4.12652	-1.06114
-2.33382	4.13514	-1.56649
-2.62223	4.12283	-1.06122
-2.61541	4.12719	1.06109
-2.29251	4.15289	1.58048
-1.4028	-4.12755	2.44856
-1.38967	4.10843	2.48789
-2.29331	-4.15209	-1.58142
-2.62628	-4.12204	1.05427
-2.33526	-4.1353	1.56392
-0.830977	3.59751	-3.37155
-0.83097	-3.59752	3.37154
-0.830996	3.59722	3.37186
-0.835037	-3.59834	-3.36967
1.07047	-2.26958	-4.32471
1.04274	-2.27773	4.3272
1.04226	2.27813	-4.3271
1.04366	2.27727	4.32722
2.33309	-0.931273	-4.32313
1.99304	1.42838	-4.35746
2.03461	1.41649	4.34211
1.99108	-1.43024	4.35775
0.0340556	-2.97549	-4.01812
0.0340556	-2.97549	4.01812
0.0340556	2.97549	-4.01812
0.0340556	2.97549	4.01812
2.43833	0.112737	4.36369
-1.9162	-4.50565	1.01357
-1.86741	4.50919	1.08627
-1.91597	4.50568	-1.01385
-1.87714	-4.50277	-1.0961
1.60035	-2.66352	-3.91721
-1.58333	-4.43818	1.672
-2.24697	-4.4365	0.518274
-1.43377	-4.44796	-1.77763
-1.43385	4.44806	1.77733
-2.16336	4.47734	0.522761
-2.41582	4.37765	0.00476337
-2.24868	4.43513	-0.522584
-2.17356	-4.47231	-0.523526
-2.41529	-4.37794	-0.00367581
-1.583	4.43827	-1.67208
-0.84656	4.08184	2.76079
-0.85046	-4.08886	2.74917
-0.846539	-4.08185	-2.76078
-0.85077	4.08865	-2.74938
-0.185724	-3.52768	-3.5385
-0.15994	3.5251	3.54233
-0.159962	-3.52572	3.54171
-0.16002	3.52563	-3.5418
2.72232	0.907683	4.09452
2.62681	-1.10074	4.10953
2.83832	-0.420275	4.09479
2.62681	1.10074	-4.10953
2.93888	-0.518083	-4.0118
0.709506	2.83758	4.05521
0.709178	2.83759	-4.05526
0.709338	-2.8377	4.05516
0.800313	-2.83855	-4.03759
1.79832	-2.27514	4.07306
1.80981	2.26496	4.07364
1.79841	2.2749	-4.07315
2.35119	-1.63675	-4.09792
-1.6995	4.69991	-0.15024
-1.68768	-4.70413	0.151254
3.24618	-0.927724	3.68804
1.29382	-3.24934	-3.57321
-1.15677	-4.71349	-1.20206
-1.18489	4.74314	-1.04817
-1.15977	4.71429	1.19599
-1.18489	-4.74314	1.04817
2.39414	-2.34007	-3.71378
3.3757	-0.00869122	-3.68844
3.23247	0.799782	-3.72981
-0.862167	4.49597	-2.01069
-0.781344	-4.46155	-2.11757
-0.862334	-4.49585	2.01091
-0.785388	4.45904	2.12135
-0.307464	4.00717	-2.97456
-0.307323	-4.00748	2.97417
-0.303683	4.00452	2.97852
-0.312492	-4.01242	-2.96695
2.90121	-1.21023	-3.88823
2.42708	1.87476	-3.94899
1.28595	2.87397	-3.88415
2.46435	1.81082	3.95574
1.28666	2.87339	3.88435
2.42708	-1.87476	3.94899
1.28594	-2.87398	3.88415
0.536145	-3.41099	-3.61631
0.606743	-3.42702	3.5899
0.606753	3.4269	-3.59002
0.606977	3.42652	3.59034
3.04895	0.290511	3.95215
1.30079	3.42331	3.40425
1.29749	3.42799	-3.4008
1.29749	-3.42799	3.4008
-0.0883372	4.40623	2.36164
-0.113127	-4.41332	2.3473
-0.0698734	-4.40848	-2.35806
-0.11603	4.41055	-2.35235
3.76634	0.504938	-3.24957
-0.493539	4.72812	1.54961
-0.49022	-4.73055	-1.54323
1.00236	-3.79439	-3.09805
2.12893	-2.93682	-3.44133
0.3082	-3.92003	-3.08842
0.331977	3.94562	3.05317
0.32986	-3.94897	3.04906
0.329406	3.94781	-3.05062
3.35434	0.928786	3.58967
2.99915	1.44728	3.72968
3.05823	-1.53587	3.64532
3.42933	-0.257048	3.62955
3.06087	1.50985	-3.65396
3.46422	-0.784994	-3.51894
1.90414	-2.93751	3.57005
2.38379	-2.53023	3.59382
1.90623	2.93595	3.57023
2.39116	2.51433	3.60007
1.90419	2.93753	-3.57001
2.38294	2.52909	-3.59517
2.88497	-1.90008	-3.61478
-1.29363	4.80195	0.517489
-1.36623	-4.77577	-0.570439
2.47289	3.10798	-3.03732
2.47745	3.104	3.03767
2.47591	-3.10391	3.03902
3.50023	1.60167	3.19109
0.692407	-4.27673	-2.49603
0.647822	4.30982	-2.45067
0.303505	-4.66944	-1.76187
0.652143	-4.31582	2.43893
0.656546	4.30691	2.45345
0.28644	4.66974	1.76395
1.89785	-3.48995	3.03618
1.89743	3.49015	-3.03622
1.89827	3.48972	3.03618
3.78902	-0.757364	3.17328
3.64056	-1.41695	3.12067
1.80118	-3.51627	-3.06457
-0.585193	-4.91052	-0.737815
-0.956517	-4.90691	0.085467
-1.05236	4.88085	-0.264358
-0.53825	4.90934	0.780188
2.88726	-2.56851	-3.17278
3.86827	-0.271197	-3.15641
3.64184	1.20167	-3.20827
3.40524	-1.45151	-3.36117
2.95427	2.12093	-3.43131
2.95618	2.10176	3.44145
2.94541	-2.1282	3.43444
3.6155	0.422555	3.42777
-0.466666	4.74756	-1.49763
-0.47074	-4.74714	1.49767
-0.189189	-4.99507	-0.11594
3.46491	-2.06435	2.95514
4.09205	-1.20913	2.60636
1.00894	4.52948	1.86168
1.06628	-4.49438	-1.91405
3.43123	2.28649	2.82818
2.44774	-3.60136	2.45738
2.45003	3.60004	2.45704
2.44916	3.60033	-2.45748
0.285606	-4.68511	1.72285
0.260035	4.6727	-1.76018
4.10633	0.939057	-2.69373
4.21427	0.238227	-2.68015
0.174666	4.88144	1.0682
0.127663	-4.89642	-1.00437
1.4699	-4.04065	-2.55198
2.60382	-3.15674	-2.87317
-0.507266	-4.92692	0.684181
-0.49999	4.92383	-0.711265
1.09348	3.90093	2.93036
1.09184	-3.90329	2.92783
1.0921	3.90238	-2.92895
3.86114	1.06596	2.99255
3.94137	-0.0950244	3.07516
3.50784	1.76187	-3.09691
3.91743	-1.01327	-2.93718
2.9339	-2.6887	3.02707
2.9049	2.69786	3.04682
2.89811	2.70664	-3.0455
3.3641	-2.1201	-3.03118
3.93815	1.73467	-2.54596
4.49042	0.672065	-2.09391
3.08378	3.0978	-2.42775
3.12401	3.05885	2.4257
3.02831	-3.16225	2.41444
1.8381	-4.23735	-1.91476
3.47367	-2.61392	2.47002
0.523104	-4.95807	-0.379332
0.282913	-4.9713	0.454011
3.95634	1.6838	2.5519
1.40915	4.24122	-2.24195
0.965988	4.54214	-1.85361
0.866963	-4.77374	-1.20822
1.40237	-4.2474	2.23449
0.965926	-4.56592	1.79427
1.41766	4.23447	2.24933
0.917713	4.74564	1.27935
1.78353	-3.91956	2.54089
1.78726	3.91478	-2.54563
1.79313	3.915	2.54115
4.24669	-0.584252	2.57377
2.24884	-3.72594	-2.46172
-0.472852	4.97721	0.0612547
3.31653	-2.74756	-2.53999
4.27905	-0.485508	-2.54047
3.83288	-1.65765	-2.74977
3.41723	2.33881	-2.80224
4.07823	0.562296	2.83759
0.187031	4.88095	-1.06835
0.14481	-4.87782	1.08897
0.11449	4.98723	0.33831
0.178824	4.97936	-0.417107
2.15722	4.10802	1.86295
2.16002	-4.10122	1.87464
1.63167	-4.47947	1.50731
2.16337	4.08399	-1.9081
1.69781	4.4514	-1.51741
4.3288	1.0321	2.27953
0.903374	-4.80591	1.04266
1.2571	-4.80368	-0.586871
0.988017	-4.89627	0.224322
2.54523	-3.92831	-1.75789
3.51851	-3.0595	1.80541
3.66727	2.57123	-2.22259
1.65947	4.46204	1.52851
4.00164	-1.86585	2.34639
4.45394	-1.09381	1.99149
1.59774	-4.54733	-1.33006
3.77938	2.43296	2.19021
0.901833	4.74939	-1.27673
4.5679	0.0189392	-2.03321
0.794399	4.89914	0.606073
3.01171	-3.30064	-2.24396
4.36624	0.11755	2.43354
4.28716	-1.20879	-2.27137
3.77569	-2.29856	-2.33683
2.90127	-3.63527	1.83506
2.89427	3.64025	1.83624
2.88969	3.64352	-1.83697
4.31859	1.38274	-2.10661
2.57453	4.08784	-1.28894
2.65626	4.03295	1.29599
2.62708	-4.07169	1.23281
4.39316	-1.70294	1.67335
3.34557	-3.51266	1.21176
3.15366	-3.55184	-1.56169
2.32167	-4.28671	-1.11084
1.94054	-4.55918	-0.669432
1.71266	-4.69752	0.00926286
1.56302	-4.69883	0.691362
4.62394	0.448268	1.84884
1.51628	4.69028	-0.837959
4.0991	2.09084	-1.95596
4.6383	1.12792	-1.48796
4.77352	0.451681	-1.41758
3.48661	3.129	-1.74726
3.51481	3.09463	1.75196
3.93289	-2.44408	1.88648
1.51576	4.69429	0.816148
4.6037	-0.393112	1.91086
3.69886	-2.85819	-1.77459
4.59463	-0.663807	-1.85707
4.17286	-1.81377	-2.07303
0.710717	4.9489	-0.0576009
4.2709	1.81036	1.866
4.84983	0.913658	-0.802738
4.82587	-0.0734649	1.30597
2.29185	-4.42232	0.436404
2.45903	-4.35026	-0.168565
3.61422	-3.25836	-1.1491
4.28456	-2.25775	1.24304
3.02408	-3.9394	0.579726
4.60292	1.17898	1.55666
3.9267	-2.85607	1.19326
3.99796	2.58727	-1.52393
4.75185	-0.888694	1.27678
2.20439	4.37878	0.983322
4.07824	2.48032	1.4886
4.818	-0.155501	-1.32766
1.40924	4.79679	0.0696701
0.938581	4.87487	-0.595609
4.55883	-1.41786	-1.48552
3.2777	3.59339	1.1594
3.2777	3.59339	-1.1594
4.4048	1.84545	-1.48056
2.07868	-4.42935	1.02954
2.19004	4.4121	-0.858528
3.02336	-3.97925	-0.157607
1.99528	4.57635	-0.275452
4.33675	2.32312	-0.892038
4.3094	-2.47973	0.529159
4.9386	-0.432028	0.650812
2.94855	3.98855	-0.630521
2.87995	4.0423	0.60476
4.63198	-1.63297	0.937112
3.7552	-3.24564	0.603612
2.96089	-3.92985	-0.888501
4.83115	0.614458	1.13245
4.66323	1.59787	-0.837321
4.94303	0.278828	-0.699087
3.83032	3.0406	-1.04089
3.82164	3.04527	1.05897
2.12593	4.51157	0.355141
4.80426	-0.821992	-1.11511
4.19331	-2.25905	-1.52081
4.48364	1.9042	1.12739
2.62686	4.25282	-0.114412
4.01176	-2.98297	-0.0873314
4.52032	2.13001	-0.1726
4.11882	2.80807	-0.387361
3.55429	-3.47333	-0.550473
4.81158	1.35505	-0.11194
4.94861	0.700026	-0.145614
4.95764	0.156896	0.630263
4.09807	-2.72864	-0.871997
3.48514	-3.58407	0.0908895
4.76484	1.29053	0.794255
4.29281	2.46711	0.696524
4.95479	-0.304102	-0.597951
4.52322	-1.92644	-0.910652
3.57814	3.46286	0.453358
3.61273	3.43432	-0.391989
4.86822	-1.05288	0.438048
4.45914	-2.2478	-0.251923
4.62245	1.86332	0.401242
4.96187	-0.610527	-0.0840499
3.20799	3.83483	0.0532129
4.68736	-1.7286	0.201518
4.99887	0.0996608	0.0370493
4.06872	2.89431	0.261745
4.80628	-1.28692	-0.493452
4.91359	0.822733	0.423939
