8.0    0.0
7.969557584733964    0.6972459419812653
7.878462024097664    1.3891854213354426
7.7274066103125465    2.070552360820166
7.517540966287267    2.7361611466053497
7.2504622962931995    3.3809460939255955
6.92820323027551    3.9999999999999996
6.553216354311934    4.588611490808368
6.128355544951825    5.142300877492314
5.656854249492381    5.65685424949238
5.142300877492315    6.128355544951824
4.588611490808369    6.5532163543119335
4.000000000000001    6.928203230275509
3.3809460939255955    7.2504622962931995
2.7361611466053506    7.5175409662872665
2.070552360820166    7.7274066103125465
1.3891854213354433    7.878462024097664
0.697245941981265    7.969557584733964
4.898587196589413e-16    8.0
-0.6972459419812659    7.969557584733964
-1.3891854213354424    7.878462024097664
-2.070552360820167    7.7274066103125465
-2.7361611466053497    7.517540966287267
-3.3809460939255946    7.2504622962932
-3.9999999999999982    6.9282032302755105
-4.588611490808367    6.553216354311936
-5.142300877492314    6.128355544951825
-5.65685424949238    5.656854249492381
-6.128355544951823    5.142300877492316
-6.5532163543119335    4.588611490808371
-6.92820323027551    3.9999999999999996
-7.2504622962931995    3.380946093925596
-7.5175409662872665    2.736161146605351
-7.727406610312546    2.070552360820168
-7.878462024097665    1.389185421335442
-7.969557584733964    0.6972459419812691
-8.0    9.797174393178826e-16
-7.969557584733964    -0.6972459419812636
-7.878462024097664    -1.3891854213354438
-7.727406610312547    -2.070552360820163
-7.517540966287267    -2.7361611466053493
-7.2504622962932    -3.380946093925594
-6.928203230275509    -4.000000000000001
-6.553216354311936    -4.588611490808367
-6.128355544951825    -5.142300877492314
-5.6568542494923815    -5.65685424949238
-5.142300877492317    -6.128355544951823
-4.588611490808371    -6.553216354311933
-4.0000000000000036    -6.928203230275507
-3.3809460939255995    -7.250462296293198
-2.7361611466053546    -7.517540966287266
-2.070552360820165    -7.7274066103125465
-1.3891854213354426    -7.878462024097664
-0.697245941981266    -7.969557584733964
-1.4695761589768238e-15    -8.0
0.6972459419812631    -7.969557584733964
1.3891854213354398    -7.878462024097665
2.0705523608201695    -7.727406610312546
2.7361611466053457    -7.517540966287268
3.380946093925597    -7.250462296293199
4.0    -6.928203230275509
4.588611490808368    -6.553216354311934
5.142300877492314    -6.128355544951825
5.65685424949238    -5.6568542494923815
6.128355544951823    -5.142300877492317
6.553216354311933    -4.588611490808371
6.928203230275507    -4.0000000000000036
7.250462296293198    -3.3809460939256
7.517540966287267    -2.7361611466053484
7.7274066103125465    -2.0705523608201655
7.878462024097663    -1.3891854213354502
7.969557584733964    -0.6972459419812665
NaN    NaN
3.237632768798173    -0.28325616392988956
3.2006251972896758    -0.5643565774175267
3.139258935439472    -0.8411618965831922
3.0540010175542025    -1.1115654658084229
2.9455003078691115    -1.373509350657275
2.8145825622994245    -1.6250000000000013
2.6622441439392226    -1.8641234181409008
2.4896444401366784    -2.0890597314812536
2.2980970388562794    -2.29809703885628
2.0890597314812527    -2.489644440136679
1.8641234181408997    -2.6622441439392235
1.625    -2.8145825622994254
1.3735093506572738    -2.945500307869112
1.1115654658084217    -3.054001017554203
0.8411618965831938    -3.1392589354394715
0.5643565774175224    -3.2006251972896766
0.2832561639298881    -3.237632768798173
-5.970153145843346e-16    -3.25
-0.2832561639298893    -3.237632768798173
-0.5643565774175235    -3.200625197289676
-0.8411618965831921    -3.139258935439472
-1.1115654658084253    -3.0540010175542016
-1.3735093506572749    -2.9455003078691115
-1.6250000000000013    -2.8145825622994245
-1.8641234181409008    -2.6622441439392226
-2.0890597314812536    -2.4896444401366784
-2.29809703885628    -2.2980970388562794
-2.489644440136679    -2.0890597314812527
-2.662244143939224    -1.864123418140899
-2.8145825622994254    -1.6250000000000004
-2.9455003078691124    -1.3735093506572726
-3.0540010175542025    -1.111565465808423
-3.1392589354394724    -0.8411618965831912
-3.200625197289676    -0.564356577417524
-3.237632768798173    -0.28325616392988834
-3.25    3.9801020972288977e-16
-3.237632768798173    0.28325616392989056
-3.2006251972896766    0.5643565774175233
-3.1392589354394715    0.8411618965831933
-3.054001017554202    1.111565465808424
-2.9455003078691124    1.3735093506572733
-2.814582562299426    1.6249999999999998
-2.662244143939223    1.8641234181409008
-2.4896444401366784    2.089059731481253
-2.2980970388562794    2.29809703885628
-2.0890597314812527    2.489644440136679
-1.864123418140899    2.662244143939224
-1.6249999999999993    2.8145825622994263
-1.3735093506572729    2.9455003078691124
-1.1115654658084233    3.0540010175542025
-0.8411618965831927    3.139258935439472
-0.5643565774175234    3.200625197289676
-0.2832561639298893    3.237632768798173
1.9900510486144489e-16    3.25
0.2832561639298889    3.237632768798173
0.5643565774175239    3.200625197289676
0.8411618965831924    3.139258935439472
1.1115654658084237    3.054001017554202
1.373509350657273    2.9455003078691124
1.6250000000000004    2.8145825622994254
1.8641234181409    2.662244143939223
2.089059731481253    2.4896444401366784
2.29809703885628    2.2980970388562794
2.489644440136679    2.0890597314812527
2.6622441439392235    1.8641234181408997
2.814582562299426    1.6249999999999998
2.9455003078691124    1.373509350657273
3.0540010175542025    1.1115654658084233
3.139258935439472    0.8411618965831924
3.200625197289676    0.5643565774175235
3.237632768798173    0.28325616392988906
3.25    0.0
