0.0249274
0
0
0
0
0
0
0
0
0
0
0
0
0
0
0
0
0
0
0
0
0
0
0
0
0
0
0
0
0
0
0
0
0
0
0
0
0
0
0
0
0
0
0
0
0
0
0
0
0
0
0
0
0
0
0
0
0
0
0
0
0
0
0
0
0
0
0
0
0
0
0
0
0
0
0
0
0
0
0
0
0
0
0
0
0
0
0
0
0
0
0
0
0
0
0
0
0
0
0
0
0
0
0
0
0
0
0
0
0
0
0
0
0
0
0
0
0
0
0
0
0
0
0
0
0
0
0
0
0
0
0
0
0
0
0
0
0
0
0
0
0
0
0
0
0
0
0
0
0
0
0
0
0
0
0
0
0
0
0
0
0
0
0
0
0
0
0
0
0
0
0
0
0
0
0
0
0
0
0
0
0
0
0
0
0
0
0
0
0
0
0
0
0
0
0
0
0
0
0
0
0
0
0
0
0
0
0
0
0
0
0
0
0
0
0
0
0
0
0
0
0
0
0
0
0
0
0
0
0
0
0
0
0
0
0
0
0
0
0
0
0
0
0
0
0
0
0
0
0
0
0
0
0
0
0
0
0
0
0
0
0
0
0
0
0
0
0
0
0
0
0
0
0
0
0
0
0
0
0
0
0
0
0
0
0
0
0
0
0
0
0
0
0
0
0
0
0
0
0
0
0
0
0
0
0
0
0
0
0
0
0
0
0
0
0
0
0
0
0
0
0
0
0
0
0
0
0
0
0
0
0
0
0
0
0
0
0
0
0
0
0
0
0
0
0
0
0
0
0
0
0
0
0
0
0
0
0
0
0
0
0
0
0
0
0
0
0
0
0
0
0
0
0
0
0
0
0
0
0
0
0
0
0
0
0
0
0
0
0
0
0
0
0
0
0
0
0
0
0
0
0
0
0
0
0
0
0
0
0
0
0
0
0
0
0
0
0
0
0
0
0
0
0
0
0
0
0
0
0
0
0
0
0
0
0
0
0
0
0
0
0
0
0
0
0
0
0
0
0
0
0
0
0
0
0
0
0
0
0
0
0
0
0
0
0
0
0
0
0
0
0
0
0
0
0
0
0
0
0
0
0
0
0
0
0
0
0
0
0
0
0
0
0
0
0
0
0
0
0
0
0
0
0
0
0
0
0
0
0
0
0
0
0
0
0
0
0
0
0
0
0
0
0
0
0
0
0
0
0
0
0
0
0
0
0
0
0
0
0
0
0
0
0
0
0
0
0
0
0
0
0
0
0
0
0
0
0
0
0
0
0
0
0
0
0
0
0
0
0
0
0
0
0
0
0
0
0
0
0
0
0
0
0
0
0
0
0
0
0
0
0
0
0
0
0
0
0
0
0
0
0
0
0
0
0
0
0
0
0
0
0
0
0
0
0
0
0
0
0
0
0
0
0
0
0
0
0
0
0
0
0
0
0
0
0
0
0
0
0
0
0
0
0
0
0
0
0
0
0
0
0
0
0
0
0
0
0
0
0
0
0
0
0
0
0
0
0
0
0
0
0
0
0
0
0
0
0
0
0
0
0
0
0
0
0
0
0
0
0
0
0
0
0
0
0
0
0
0
0
0
0
0
0
0
0
0
0
0
0
0
0
0
0
0
0
0
0
0
0
0
0
0
0
0
0
0
0
0
0
0
0
0
0
0
0
0
0
0
0
0
0
0
0
0
0
0
0
0
0
0
0
0
0
0
0
0
0
0
0
0
0
0
0
0
0
0
0
0
0
0
0
0
0
0
0
0
0
0
0
0
0
0
0
0
0
0
0
0
0
0
0
0
0
0
0
0
0
0
0
0
0
0
0
0
0
0
0
0
0
0
0
0
0
0
0
0
0
0
0
0
0
0
0
0
0
0
0
0
0
0
0
0
0
0
0
0
0
0
0
0
0
0
0
0
0
0
0
0
0
0
0
0
0
0
0
0
0
0
0
0
0
0
0
0
0
0
0
0
0
0
0
0
0
0
0
0
0
0
0
0
0
0
0
0
0
0
0
0
0
0
0
0
0
0
0
0
0
0
0
0
0
0
0
0
0
0
0
0
0
0
0
0
0
0
0
0
0
0
0
0
0
0
0
0
0
0
0
0
0
0
0
0
0
0
0
0
0
0
0
0
0
0
0
0
0
0
0
0
0
0
0
0
0
0
0
0
0
0
0
0
0
0
0
0
0
0
0
0
0
0
0
0
0
0
0
0
0
0
0
0
0
0
0
0
0
0
0
0
0
0
0
0
0
0
0
0
0
0
30
30
0
1.43125e-012
1.43125e-012
6.36111e-015
1.43125e-012
1.43761e-012
2.47447e-012
1.43761e-012
3.91209e-012
6.36111e-015
1.43761e-012
1.4567e-012
1.90833e-014
2.54445e-014
4.45278e-014
1.43761e-012
1.43761e-012
1.90833e-014
1.41853e-012
1.43761e-012
3.81667e-014
1.39945e-012
1.05595e-012
3.81667e-013
1.43761e-012
1.05595e-012
5.08889e-014
1.10683e-012
1.43761e-012
8.90556e-014
5.08889e-014
8.26945e-014
1.43761e-012
1.35492e-012
0
1.78111e-012
1.47578e-012
0
1.47578e-012
1.39308e-012
0
1.10683e-012
1.49486e-012
3.05334e-013
0
8.26945e-014
1.4885e-012
1.59028e-012
1.01778e-013
0
8.26945e-014
1.10047e-012
1.01778e-012
0
1.01778e-013
1.01778e-013
1.4885e-012
1.5712e-012
0
1.47578e-012
1.30403e-012
8.90556e-014
1.7175e-013
1.7175e-013
1.39308e-012
1.39308e-012
0
1.39308e-012
1.39308e-012
1.7175e-013
4.0075e-013
2.73528e-013
1.88925e-012
1.39308e-012
1.7175e-013
3.68945e-013
0
1.96558e-012
1.76839e-012
3.68945e-013
1.7175e-013
3.68945e-013
3.18056e-014
4.0075e-013
1.39308e-012
1.97195e-013
1.59028e-012
3.75306e-013
3.75306e-013
5.725e-013
3.75306e-013
1.97195e-013
1.39308e-012
1.19589e-012
3.75306e-013
5.725e-013
0
1.96558e-012
1.76839e-012
3.68945e-013
1.7175e-013
3.68945e-013
1.02414e-012
1.39308e-012
0
0
2.20731e-012
1.59028e-012
6.17028e-013
0
4.0075e-013
2.03556e-013
1.19589e-012
1.39308e-012
1.97195e-013
0
1.97195e-013
1.18953e-012
1.18953e-012
1.97195e-013
1.19589e-012
1.39308e-012
4.0075e-013
0
3.18056e-014
3.68945e-013
0
3.68945e-013
2.03556e-013
8.20584e-013
1.39308e-012
5.725e-013
5.40695e-013
3.75306e-013
1.73658e-012
1.02414e-012
0
3.68945e-013
0
1.96558e-012
1.39308e-012
7.69695e-013
1.01778e-012
8.20584e-013
1.97195e-013
0
3.68945e-013
0
1.66661e-012
1.59028e-012
8.20584e-013
2.54445e-014
7.95139e-013
1.59028e-012
4.26195e-013
3.435e-013
4.0075e-013
0
4.0075e-013
0
7.69695e-013
1.59028e-012
8.20584e-013
3.435e-013
0
3.435e-013
0
4.0075e-013
1.22133e-012
1.19589e-012
2.54445e-014
3.435e-013
4.0075e-013
8.52389e-013
1.98467e-012
2.77981e-012
1.99103e-012
1.96558e-012
3.94389e-013
3.68945e-013
5.725e-014
0
3.435e-013
1.18953e-012
1.59028e-012
2.54445e-014
0
3.75306e-013
4.0075e-013
3.435e-013
1.99103e-012
1.24678e-012
4.0075e-013
3.68945e-013
3.94389e-013
1.96558e-012
1.59028e-012
4.0075e-013
3.435e-013
3.60039e-012
1.93378e-012
3.62584e-012
3.94389e-013
1.22133e-012
4.0075e-013
3.435e-013
4.26195e-013
1.59028e-012
1.16408e-012
3.435e-013
8.20584e-013
1.59028e-012
7.69695e-013
0
4.0075e-013
5.725e-014
0
5.725e-014
2.54445e-014
1.19589e-012
1.22133e-012
4.0075e-013
1.59028e-012
4.34464e-012
1.16408e-012
1.18953e-012
1.22133e-012
0
3.9757e-012
3.15511e-012
0
1.59028e-012
1.59028e-012
1.24678e-012
7.69695e-013
1.24678e-012
7.69695e-013
3.75306e-013
3.94389e-013
1.95922e-012
1.18953e-012
4.0075e-013
0
2.54445e-014
1.59028e-012
1.55847e-012
4.0075e-013
3.435e-013
1.53303e-012
8.20584e-013
1.93378e-012
1.15772e-012
1.10683e-012
0
1.10683e-012
5.08889e-013
1.59028e-012
4.0075e-013
0
6.80639e-013
4.83445e-013
1.59028e-012
1.10683e-012
6.80639e-013
0
0
4.0075e-013
6.87e-013
8.77834e-013
0
4.83445e-013
6.80639e-013
0
0
4.0075e-013
1.66661e-012
2.03556e-012
3.95025e-012
5.267e-012
1.1132e-012
2.061e-012
4.0075e-013
0
0
1.16408e-012
1.59028e-012
3.94389e-013
1.59028e-012
1.27222e-012
0
1.27222e-012
0
1.95922e-012
0
0
0
1.4885e-012
1.59028e-012
2.65258e-012
0
3.44136e-012
0
1.08139e-013
1.59028e-012
1.69842e-012
0
5.85223e-013
1.59028e-012
1.00506e-012
1.59664e-012
2.28364e-012
1.59028e-012
3.07878e-012
1.59028e-012
1.4885e-012
1.59028e-012
1.59028e-012
1.59028e-012
3.07878e-012
1.59028e-012
5.83314e-012
1.59028e-012
4.71359e-012
7.95139e-013
4.77084e-013
8.015e-013
1.4885e-012
0
1.4885e-012
1.4885e-012
1.59028e-012
1.01778e-013
3.07878e-012
1.59028e-012
3.07878e-012
2.39178e-012
6.87e-013
7.95139e-013
4.26195e-013
7.95139e-013
4.26195e-013
7.95139e-013
1.69842e-012
1.59028e-012
2.64622e-012
7.95139e-013
5.038e-012
7.95139e-013
1.4885e-012
1.16408e-012
7.95139e-013
1.16408e-012
2.38542e-012
1.59028e-012
2.28364e-012
1.59664e-012
3.18056e-013
1.59028e-012
1.95922e-012
1.59028e-012
4.66906e-012
0
7.42342e-012
0
5.03164e-012
1.59664e-012
1.01778e-013
1.59028e-012
7.95139e-013
0
6.87e-013
0
1.08139e-013
1.16408e-012
2.38542e-012
4.26195e-013
7.95139e-013
0
1.4885e-012
1.59664e-012
6.87e-013
0
1.4885e-012
0
4.24286e-012
0
3.44136e-012
0
1.08139e-013
1.16408e-012
2.38542e-012
4.26195e-013
1.59028e-012
1.59028e-012
1.4885e-012
0
3.07878e-012
1.59028e-012
2.38542e-012
2.38542e-012
6.87e-013
2.39178e-012
3.07878e-012
1.59028e-012
3.07878e-012
7.95139e-013
2.70983e-012
1.53303e-012
7.95139e-013
3.44772e-012
7.95139e-013
3.07878e-012
1.59028e-012
2.38542e-012
4.26195e-013
2.38542e-012
4.26195e-013
1.4885e-012
8.015e-013
9.03278e-013
7.95139e-013
2.38542e-012
1.59028e-012
1.95922e-012
0
4.02022e-012
1.59664e-012
5.14614e-012
7.95139e-013
2.28364e-012
7.95139e-013
7.95139e-013
0
2.28364e-012
1.59664e-012
1.48214e-012
1.59028e-012
7.95139e-013
1.59028e-012
3.68945e-013
1.59028e-012
1.27222e-012
0
6.87e-013
0
2.38542e-012
1.59028e-012
4.45278e-012
1.59664e-012
2.748e-012
0
1.08139e-013
0
7.95139e-013
1.59028e-012
3.68945e-013
7.95139e-013
4.77084e-013
8.015e-013
1.4885e-012
0
2.38542e-012
1.59028e-012
1.08139e-013
0
2.27728e-012
1.59028e-012
2.38542e-012
1.59028e-012
2.85614e-012
0
3.22509e-012
0
3.24417e-013
0
1.4885e-012
0
1.95922e-012
0
3.5495e-012
0
3.07878e-012
7.95139e-013
2.28364e-012
7.95139e-013
7.95139e-013
1.59028e-012
6.87e-013
0
3.18056e-013
1.59028e-012
3.91845e-012
7.95139e-013
5.038e-012
7.95139e-013
3.07878e-012
3.18056e-012
6.93362e-013
3.18692e-012
1.69842e-012
0
2.38542e-012
3.18056e-012
0
3.18056e-012
3.76578e-012
2.16278e-013
3.75942e-012
1.8002e-012
3.76578e-012
1.59028e-012
3.76578e-012
3.18056e-012
2.75436e-012
3.18056e-012
5.13978e-012
0
5.85223e-013
1.59028e-012
2.97064e-012
1.59028e-012
2.38542e-012
2.75436e-012
2.38542e-012
2.75436e-012
2.38542e-012
0
7.95139e-013
1.59028e-012
2.09917e-013
1.38036e-012
7.95139e-013
2.09917e-013
1.00506e-012
3.12331e-012
2.81161e-012
5.13978e-012
0
1.22133e-012
1.59028e-012
1.01142e-012
0
5.85223e-013
1.59028e-012
0
0
7.95139e-013
0
7.95139e-013
0
1.38036e-012
0
5.85223e-013
0
3.68945e-013
0
1.16408e-012
0
1.95922e-012
1.59028e-012
3.68945e-013
1.59028e-012
3.76578e-012
7.95139e-013
1.38036e-012
2.38542e-012
2.38542e-012
1.59028e-012
2.38542e-012
7.95139e-013
2.01647e-012
2.38542e-012
3.68945e-013
3.18056e-012
2.1755e-012
0
5.85223e-013
7.95139e-013
0
1.59028e-012
0
3.18056e-012
4.26195e-013
1.59028e-012
4.26195e-013
0
0
1.59028e-012
2.97064e-012
0
1.38036e-012
0
5.93492e-012
3.18056e-012
2.75436e-012
0
2.97064e-012
3.18056e-012
1.38036e-012
1.59028e-012
0
0
1.59028e-012
1.59028e-012
1.59028e-012
3.18056e-012
0
1.59028e-012
1.38036e-012
0
2.97064e-012
1.59028e-012
2.75436e-012
1.59028e-012
7.099e-012
1.59028e-012
2.75436e-012
1.59028e-012
2.09917e-013
1.59028e-012
2.09917e-013
3.18056e-012
0
1.59028e-012
0
0
1.59028e-012
1.59028e-012
0
0
1.38036e-012
1.59028e-012
2.09917e-013
0
4.34464e-012
0
4.34464e-012
0
1.38036e-012
0
1.38036e-012
0
0
1.59028e-012
0
1.59028e-012
1.59028e-012
2.75436e-012
1.59028e-012
2.75436e-012
0
0
1.38036e-012
1.59028e-012
1.38036e-012
1.59028e-012
2.75436e-012
0
1.16408e-012
1.59028e-012
2.97064e-012
3.18056e-012
1.38036e-012
2.01647e-012
2.01647e-012
0
3.18056e-012
1.59028e-012
0
0
1.59028e-012
2.97064e-012
0
2.97064e-012
1.59028e-012
2.75436e-012
1.59028e-012
2.75436e-012
1.59028e-012
2.75436e-012
1.59028e-012
2.16278e-013
1.59028e-012
1.38036e-012
1.59028e-012
0
0
1.59028e-012
1.59028e-012
1.59028e-012
3.18056e-012
1.59028e-012
0
2.09917e-013
1.59028e-012
1.38036e-012
1.59028e-012
2.75436e-012
3.18056e-012
1.16408e-012
1.59028e-012
4.34464e-012
1.59028e-012
1.374e-012
1.59028e-012
1.38036e-012
0
4.34464e-012
0
4.34464e-012
0
1.38036e-012
0
1.38036e-012
1.59028e-012
2.75436e-012
0
2.75436e-012
1.59028e-012
0
0
0
0
1.59028e-012
1.59028e-012
1.38036e-012
1.59028e-012
2.09917e-013
0
2.75436e-012
1.59028e-012
2.75436e-012
3.18056e-012
2.09917e-013
1.59028e-012
2.09917e-013
1.59028e-012
1.59028e-012
1.59028e-012
1.59028e-012
1.59028e-012
0
1.59028e-012
0
0
2.09917e-013
1.59028e-012
1.38036e-012
1.16408e-012
0
2.75436e-012
1.16408e-012
0
2.75436e-012
0
2.09917e-013
1.59028e-012
1.38036e-012
1.59028e-012
1.59028e-012
0
0
0
1.59028e-012
1.59028e-012
0
1.59028e-012
2.97064e-012
0
1.38036e-012
0
4.34464e-012
0
4.34464e-012
0
2.09917e-013
1.59028e-012
2.09917e-013
3.18056e-012
0
2.75436e-012
0
1.16408e-012
0
0
0
1.59028e-012
0
3.18056e-012
2.09917e-013
1.16408e-012
2.16278e-013
2.75436e-012
1.59028e-012
5.50873e-012
1.59028e-012
4.34464e-012
1.59028e-012
1.38036e-012
1.59028e-012
1.38036e-012
1.59028e-012
2.75436e-012
0
2.75436e-012
0
0
1.59028e-012
2.97064e-012
0
1.38036e-012
1.59028e-012
0
3.18056e-012
1.59028e-012
1.59028e-012
2.75436e-012
0
1.16408e-012
0
1.38036e-012
1.59028e-012
2.09917e-013
0
4.34464e-012
1.59028e-012
2.75436e-012
0
0
1.59028e-012
1.38036e-012
1.59028e-012
1.38036e-012
1.59028e-012
1.59028e-012
1.59028e-012
3.18056e-012
1.59028e-012
1.59028e-012
3.18056e-012
1.38036e-012
0
2.09917e-013
0
4.34464e-012
1.59028e-012
2.75436e-012
0
1.16408e-012
0
2.16278e-013
1.38036e-012
1.59028e-012
2.97064e-012
2.09917e-013
3.18056e-012
0
1.59028e-012
0
1.59028e-012
1.59028e-012
0
2.09917e-013
1.59028e-012
2.97064e-012
1.59028e-012
2.75436e-012
0
2.75436e-012
1.59028e-012
2.97064e-012
0
1.38036e-012
0
0
1.59028e-012
0
1.59028e-012
0
0
0
1.16408e-012
0
1.16408e-012
1.38036e-012
1.59028e-012
1.38036e-012
1.59028e-012
2.75436e-012
0
1.16408e-012
1.59028e-012
2.97064e-012
3.18056e-012
1.38036e-012
1.59028e-012
0
0
1.59028e-012
1.59028e-012
0
0
0
1.59028e-012
1.38036e-012
1.59028e-012
1.38036e-012
0
2.75436e-012
1.59028e-012
4.34464e-012
0
2.09917e-013
1.374e-012
1.59028e-012
2.96428e-012
2.09917e-013
4.26195e-013
2.01647e-012
1.59028e-012
0
1.59028e-012
1.59028e-012
1.59028e-012
3.18056e-012
1.38036e-012
3.18056e-012
1.38036e-012
1.59028e-012
1.59028e-012
1.59028e-012
1.59028e-012
3.18056e-012
0
1.59028e-012
1.38036e-012
0
1.38036e-012
0
4.34464e-012
0
4.34464e-012
0
0
0
1.38036e-012
1.59028e-012
1.38036e-012
3.18056e-012
4.26195e-013
1.59028e-012
4.26195e-013
0
0
0
1.59028e-012
1.59028e-012
1.38036e-012
1.59028e-012
2.09917e-013
0
2.75436e-012
1.59028e-012
2.75436e-012
3.18056e-012
1.59028e-012
1.59028e-012
2.97064e-012
0
1.38036e-012
1.59028e-012
0
3.18056e-012
1.59028e-012
0
0
1.59028e-012
2.97064e-012
1.59028e-012
1.38036e-012
1.59028e-012
2.75436e-012
1.59028e-012
5.50873e-012
1.59028e-012
2.75436e-012
1.59028e-012
2.97064e-012
1.38036e-012
1.59028e-012
2.97064e-012
1.38036e-012
0
0
1.59028e-012
1.59028e-012
0
2.01647e-012
3.39684e-012
1.80656e-012
1.16408e-012
2.01647e-012
4.26195e-013
4.26195e-013
1.16408e-012
2.01647e-012
4.26195e-013
4.26195e-013
4.26195e-013
1.16408e-012
1.16408e-012
4.26195e-013
1.16408e-012
1.16408e-012
2.75436e-012
5.08889e-012
4.19834e-013
3.49225e-012
1.16408e-012
4.26195e-013
0
8.52389e-013
1.59028e-012
8.52389e-013
3.18056e-012
7.37889e-013
1.59028e-012
7.37889e-013
1.59028e-012
8.52389e-013
1.59028e-012
7.37889e-013
1.59028e-012
7.37889e-013
1.59028e-012
2.44267e-012
1.59028e-012
8.52389e-013
0
8.52389e-013
1.59028e-012
2.44267e-012
1.59028e-012
7.37889e-013
1.59028e-012
2.32817e-012
0
2.32817e-012
2.44267e-012
1.59028e-012
2.44267e-012
3.91845e-012
7.37889e-013
1.59028e-012
2.32817e-012
0
7.37889e-013
0
7.37889e-013
0
2.32817e-012
1.59028e-012
7.37889e-013
1.59028e-012
8.52389e-013
0
7.37889e-013
0
7.37889e-013
0
8.52389e-013
0
8.52389e-013
0
7.37889e-013
0
2.32817e-012
3.18056e-012
8.52389e-013
3.91845e-012
2.44267e-012
1.59028e-012
8.52389e-013
4.26195e-013
3.11695e-013
4.26195e-013
1.90197e-012
1.16408e-012
4.26195e-013
1.16408e-012
2.01647e-012
4.26195e-013
4.26195e-013
1.16408e-012
2.01647e-012
4.26195e-013
2.01647e-012
4.26195e-013
2.01647e-012
1.16408e-012
2.01647e-012
1.16408e-012
4.26195e-013
2.75436e-012
2.01647e-012
2.75436e-012
3.60675e-012
1.16408e-012
2.01647e-012
1.16408e-012
2.01647e-012
4.26195e-013
2.01647e-012
2.75436e-012
2.01647e-012
4.34464e-012
3.11695e-013
2.01647e-012
1.90197e-012
2.75436e-012
2.01647e-012
1.16408e-012
4.26195e-013
1.16408e-012
1.16408e-012
2.75436e-012
4.26195e-013
1.16408e-012
4.26195e-013
4.26195e-013
1.16408e-012
1.16408e-012
1.16408e-012
2.75436e-012
4.26195e-013
2.75436e-012
2.01647e-012
1.16408e-012
4.26195e-013
1.16408e-012
4.26195e-013
1.16408e-012
2.01647e-012
4.26195e-013
4.26195e-013
1.16408e-012
1.16408e-012
1.16408e-012
3.49861e-012
3.18692e-012
8.52389e-013
1.59028e-012
29.9589
29.9589
2.28551e-009
3.18056e-012
2.54445e-014
3.18056e-012
3.15511e-012
0
2.54445e-014
0
3.206e-012
3.18056e-012
1.27222e-014
3.16784e-012
3.15511e-012
0
3.15511e-012
6.34839e-012
3.19328e-012
3.18056e-012
3.206e-012
3.19328e-012
3.16784e-012
0
3.18056e-012
3.206e-012
0
2.54445e-014
0
3.16784e-012
3.19328e-012
1.27222e-014
3.19328e-012
3.19328e-012
1.27222e-014
2.54445e-014
0
3.15511e-012
3.16784e-012
1.27222e-014
3.18056e-012
3.206e-012
0
2.54445e-014
0
3.15511e-012
3.18056e-012
2.54445e-014
3.18056e-012
3.206e-012
0
3.206e-012
3.18056e-012
1.27222e-014
1.27222e-014
2.54445e-014
3.18056e-012
3.206e-012
3.18056e-012
2.54445e-014
6.36111e-012
3.15511e-012
0
2.54445e-014
0
1.27222e-014
3.16784e-012
1.27222e-014
6.34839e-012
3.16784e-012
3.18056e-012
3.16784e-012
3.18056e-012
3.206e-012
0
3.206e-012
3.18056e-012
3.15511e-012
3.18056e-012
3.15511e-012
6.36111e-012
2.54445e-014
3.16784e-012
1.27222e-014
0
1.27222e-014
3.16784e-012
6.33567e-012
3.18056e-012
3.15511e-012
3.16784e-012
3.19328e-012
3.18056e-012
2.54445e-014
3.19328e-012
3.16784e-012
0
2.54445e-014
0
3.206e-012
3.18056e-012
2.54445e-014
3.18056e-012
3.15511e-012
0
1.27222e-014
3.18056e-012
6.37384e-012
1.27222e-014
3.19328e-012
3.19328e-012
3.16784e-012
0
3.15511e-012
3.18056e-012
2.54445e-014
3.18056e-012
3.19328e-012
3.18056e-012
3.19328e-012
3.16784e-012
3.19328e-012
3.16784e-012
6.37384e-012
0
6.37384e-012
6.36111e-012
0
1.27222e-014
1.27222e-014
6.36111e-012
3.19328e-012
3.16784e-012
3.19328e-012
1.27222e-014
3.19328e-012
3.18056e-012
3.206e-012
3.18056e-012
3.206e-012
3.18056e-012
3.19328e-012
6.34839e-012
1.27222e-014
3.16784e-012
3.16784e-012
3.18056e-012
3.19328e-012
0
6.37384e-012
3.16784e-012
3.206e-012
3.18056e-012
3.18056e-012
3.15511e-012
3.18056e-012
2.54445e-014
6.36111e-012
3.16784e-012
3.16784e-012
3.15511e-012
3.18056e-012
3.206e-012
3.18056e-012
2.54445e-014
6.36111e-012
6.33567e-012
3.18056e-012
3.15511e-012
3.18056e-012
3.16784e-012
0
6.34839e-012
0
6.33567e-012
0
6.33567e-012
6.36111e-012
2.54445e-014
3.18056e-012
3.206e-012
3.18056e-012
3.15511e-012
0
6.33567e-012
3.18056e-012
2.54445e-014
1.27222e-014
1.27222e-014
0
3.15511e-012
0
6.33567e-012
3.18056e-012
3.16784e-012
6.36111e-012
6.37384e-012
1.27222e-014
3.19328e-012
3.19328e-012
3.16784e-012
0
2.54445e-014
0
3.206e-012
3.18056e-012
2.54445e-014
0
2.54445e-014
3.18056e-012
1.27222e-014
3.18056e-012
1.27222e-014
0
2.54445e-014
3.18056e-012
3.15511e-012
0
3.15511e-012
3.18056e-012
2.54445e-014
3.18056e-012
3.19328e-012
3.18056e-012
6.37384e-012
0
6.38656e-012
3.18056e-012
3.206e-012
3.18056e-012
1.27222e-014
3.16784e-012
3.16784e-012
1.27222e-014
3.16784e-012
3.18056e-012
1.27222e-014
3.18056e-012
3.206e-012
3.18056e-012
6.38656e-012
0
6.38656e-012
6.36111e-012
2.54445e-014
6.36111e-012
3.16784e-012
3.16784e-012
3.15511e-012
0
3.15511e-012
3.16784e-012
1.27222e-014
3.18056e-012
3.206e-012
0
3.206e-012
3.18056e-012
3.19328e-012
6.34839e-012
2.54445e-014
6.36111e-012
3.15511e-012
3.19328e-012
3.16784e-012
0
3.15511e-012
3.16784e-012
1.27222e-014
3.18056e-012
3.206e-012
0
3.206e-012
3.18056e-012
2.54445e-014
3.19328e-012
3.16784e-012
3.18056e-012
6.36111e-012
2.54445e-014
6.36111e-012
3.206e-012
3.18056e-012
3.206e-012
0
3.206e-012
3.18056e-012
1.27222e-014
3.16784e-012
3.15511e-012
0
3.15511e-012
3.16784e-012
3.16784e-012
6.36111e-012
2.54445e-014
6.36111e-012
3.206e-012
3.18056e-012
3.19328e-012
1.27222e-014
3.206e-012
3.18056e-012
2.54445e-014
3.19328e-012
3.16784e-012
0
3.15511e-012
3.18056e-012
2.54445e-014
3.18056e-012
3.206e-012
3.18056e-012
6.38656e-012
0
6.38656e-012
3.19328e-012
3.19328e-012
3.18056e-012
2.54445e-014
3.18056e-012
3.15511e-012
0
3.16784e-012
3.19328e-012
1.27222e-014
3.19328e-012
3.19328e-012
0
1.27222e-014
0
1.27222e-014
1.27222e-014
3.206e-012
3.18056e-012
2.54445e-014
3.18056e-012
3.15511e-012
0
3.16784e-012
3.18056e-012
1.27222e-014
3.18056e-012
3.206e-012
0
3.206e-012
3.18056e-012
2.54445e-014
0
2.54445e-014
0
2.54445e-014
3.18056e-012
3.15511e-012
0
3.15511e-012
3.18056e-012
2.54445e-014
3.18056e-012
3.206e-012
1.27222e-014
3.19328e-012
3.18056e-012
1.27222e-014
0
1.27222e-014
1.27222e-014
1.27222e-014
3.19328e-012
3.16784e-012
0
3.15511e-012
3.16784e-012
1.27222e-014
3.18056e-012
3.206e-012
0
3.206e-012
3.18056e-012
2.54445e-014
0
2.54445e-014
3.18056e-012
3.19328e-012
1.27222e-014
2.54445e-014
0
3.16784e-012
3.19328e-012
2.54445e-014
3.18056e-012
3.206e-012
0
3.206e-012
3.18056e-012
1.27222e-014
3.16784e-012
3.15511e-012
0
2.54445e-014
0
3.206e-012
3.18056e-012
2.54445e-014
1.27222e-014
1.27222e-014
3.18056e-012
3.18056e-012
2.54445e-014
3.19328e-012
3.16784e-012
0
3.15511e-012
3.16784e-012
1.27222e-014
0
2.54445e-014
3.18056e-012
3.15511e-012
0
3.15511e-012
3.18056e-012
2.54445e-014
45.0162
45.0536
0
0
0
0
0
0
0
0
0
0
0
0
0
0
0
0
0
0
0
0
0
0
0
0
0
0
0
0
0
0
0
0
0
0
0
0
0
0
0
0
0
0
0
0
0
0
0
0
0
0
0
0
0
0
0
0
0
0
0
0
0
0
0
0
0
0
0
0
0
0
0
0
0
0
0
0
0
0
0
0
0
0
0
0
0
0
0
0
0
0
0
0
0
0
0
0
0
0
0
0
0
0
0
0
0
0
0
0
0
0
0
0
0
0
0
0
0
0
0
0
0
0
0
0
0
0
0
0
0
0
0
0
0
0
0
0
0
0
0
0
0
0
0
0
0
0
0
0
0
0
0
0
0
0
0
0
0
0
0
0
0
0
0
0
0
0
0
0
0
0
0
0
0
0
0
0
0
0
0
0
0
0
0
0
0
0
0
0
0
0
0
0
0
0
0
0
0
0
0
0
0
0
0
0
0
0
0
0
0
0
0
0
0
0
0
0
0
0
0
0
0
0
0
0
0
0
0
0
0
0
0
0
0
0
0
0
0
0
0
0
0
0
0
0
0
0
0
0
0
0
0
0
0
0
0
0
0
0
0
0
0
0
0
0
0
0
0
0
0
0
0
0
0
0
0
0
0
0
0
0
0
0
0
0
0
0
0
0
0
0
0
0
0
0
0
0
0
0
0
0
0
0
0
0
0
0
0
0
0
0
0
0
0
0
0
0
0
0
0
0
0
0
0
0
0
0
0
0
0
0
0
0
0
0
0
0
0
0
0
0
0
0
0
0
0
0
0
0
0
0
0
0
0
0
0
0
0
0
0
0
0
0
0
0
0
0
0
0
0
0
0
0
0
0
0
0
0
0
0
0
0
0
0
0
0
0
0
0
0
0
0
0
0
0
0
0
0
0
0
0
0
0
0
0
0
0
0
0
0
0
0
0
0
0
0
0
0
0
0
0
0
0
0
0
0
0
0
0
0
0
0
0
0
0
0
0
0
0
0
0
0
0
0
0
0
0
0
0
0
0
0
0
0
0
0
0
0
0
0
0
0
0
0
0
0
0
0
0
0
0
0
0
0
0
0
0
0
0
0
0
0
0
0
0
0
0
0
0
0
0
0
0
0
0
0
0
0
0
0
0
0
0
0
0
0
0
0
0
0
0
0
0
0
0
0
0
0
0
0
0
0
0
0
0
0
0
0
0
0
0
0
0
0
0
0
0
0
0
0
0
0
0
0
0
0
0
0
0
0
0
0
0
0
0
0
0
0
0
0
0
0
0
0
0
0
0
0
0
0
0
0
0
0
0
0
0
0
0
0
0
0
0
0
0
0
0
0
0
0
0
0
0
0
0
0
0
0
0
0
0
0
0
0
0
0
0
0
0
0
0
0
0
0
0
0
0
0
0
0
0
0
0
0
0
0
0
0
0
0
0
0
0
0
0
0
0
0
0
0
0
0
0
0
0
0
0
0
0
0
0
0
0
0
0
0
0
0
0
0
0
0
0
0
0
0
0
0
0
0
0
0
0
0
0
0
0
0
0
0
0
0
0
0
0
0
0
0
0
0
0
0
0
0
0
0
0
0
0
0
0
0
0
0
0
0
0
0
0
0
0
0
0
0
0
0
0
0
0
0
0
0
0
0
0
0
0
0
0
0
0
0
0
0
0
0
0
0
0
0
0
0
0
0
0
0
0
0
0
0
0
0
0
0
0
0
0
0
0
0
0
0
0
0
0
0
0
0
0
0
0
0
0
0
0
0
0
0
0
0
0
0
0
0
0
0
0
0
0
0
0
0
0
0
0
0
0
0
0
0
0
0
0
0
0
0
0
0
0
0
0
0
0
0
0
0
0
0
0
0
0
0
0
0
0
0
0
0
0
0
0
0
0
0
0
0
0
0
0
0
0
0
0
0
0
0
0
0
0
0
0
0
0
0
0
0
0
0
0
0
0
0
0
0
0
0
0
0
0
0
0
0
0
0
0
0
0
0
0
0
0
0
0
0
0
0
0
0
0
0
0
0
0
0
0
0
0
0
0
0
0
0
0
0
0
0
0
0
0
0
0
0
0
0
0
0
0
0
0
0
0
0
0
0
0
0
0
0
0
0
0
0
0
0
0
0
0
0
0
0
0
0
0
0
0
0
0
0
0
0
0
0
0
0
0
0
0
0
0
0
0
0
0
0
0
0
0
0
0
0
0
0
0
0
0
0
0
0
0
0
0
0
0
0
0
0
0
0
0
0
0
0
0
0
0
0
0
0
0
0
0
0
0
0
0
0
0
0
0
0
0
0
0
0
0
0
0
0
0
0
0
0
0
0
0
0
0
0
0
0
0
0
0
0
0
0
0
0
0
0
0
0
0
0
0
0
0
0
0
0
0
0
0
0
0
0
0
0
0
0
0
0
0
0
0
0
0
0
0
0
0
0
0
0
0
0
0
0
0
0
0
0
0
0
0
0
0
0
0
0
0
0
0
0
0
0
0
0
0
0
0
0
0
0
0
0
0
0
0
0
0
0
0
0
0
0
0
0
0
0
0
0
0
0
0
0
0
0
0
0
0
0
0
0
0
0
0
0
0
0
0
0
0
0
0
0
0
0
0
0
0
0
0
0
0
0
0
0
0
0
0
0
0
0
0
0
0
0
0
0
0
0
0
0
0
0
0
0
0
0
0
0
0
0
0
0
0
0
0
0
0
0
0
0
0
0
0
0
0
0
0
0
0
0
0
0
0
0
0
0
0
0
0
0
0
0
0
0
0
0
0
0
0
0
0
0
0
0
0
0
0
0
0
0
0
0
0
0
0
0
0
0
0
0
0
0
0
0
0
0
0
0
0
0
0
0
0
0
0
0
0
0
0
0
0
0
0
0
0
0
0
0
0
0
0
0
0
0
0
0
0
0
0
0
0
0
0
0
0
0
0
0
0
0
0
0
0
0
0
0
0
0
0
0
0
0
0
0
0
0
0
0
0
0
0
0
0
0
0
0
0
0
0
0
0
0
0
0
0
0
0
0
0
0
0
0
0
0
0
0
0
0
0
0
0
0
0
0
0
0
0
0
0
0
0
0
0
0
0
0
0
0
0
0
0
0
0
0
0
0
0
0
0
0
0
0
0
0
0
0
0
0
0
0
0
0
0
0
0
0
0
0
0
0
0
0
0
0
0
0
0
0
0
0
0
0
0
0
0
0
0
0
0
0
0
0
0
0
0
0
0
0
0
0
0
0
0
0
0
0
0
0
0
0
0
0
0
0
0
0
0
0
0
0
0
0
0
0
0
0
0
0
0
0
0
0
0
0
0
0
0
0
0
0
0
0
0
0
0
0
0
0
0
0
0
0
0
0
0
0
0
0
0
0
0
0
0
0
0
0
0
0
0
0
0
0
0
0
0
0
0
0
0
0
0
0
0
0
0
0
0
0
0
0
0
0
0
0
0
0
0
0
0
0
0
0
0
0
0
0
0
0
0
0
0
0
0
0
0
0
0
0
0
0
0
0
0
0
0
0
0
0
0
0
0
0
0
0
0
0
0
0
0
0
0
0
0
0
0
0
0
0
0
0
0
0
0
0
0
0
0
0
0
0
0
0
0
0
0
0
0
0
0
0
0
0
0
0
0
0
0
0
0
0
0
0
0
0
0
0
0
0
0
0
0
0
0
0
0
0
0
0
0
0
0
0
0
0
0
0
0
0
0
0
0
0
0
0
0
0
0
0
0
0
0
0
0
0
0
0
0
0
0
0
0
0
0
0
0
0
0
0
0
0
0
0
0
0
0
0
0
0
0
0
0
0
0
0
0
0
0
0
0
0
0
0
0
0
0
0
0
0
0
0
0
0
0
0
0
0
0
0
0
0
0
0
0
0
0
0
0
0
0
0
0
0
0
0
0
0
0
0
0
0
0
0
0
0
0
0
0
0
0
0
0
0
0
0
0
0
0
0
0
0
0
0
0
0
0
0
0
0
0
0
0
0
0
0
0
0
0
0
0
0
0
0
0
0
0
0
0
0
0
0
0
0
0
0
0
0
0
0
0
0
0
0
0
0
0
0
0
0
0
0
0
0
0
0
0
0
0
0
0
0
0
0
0
0
0
0
0
0
0
0
0
0
0
0
0
0
0
0
0
0
0
0
0
0
0
0
0
0
0
0
0
0
0
0
0
0
0
0
0
0
0
0
0
0
0
0
0
0
0
0
0
0
0
0
0
0
0
0
0
0
0
0
0
0
0
0
0
0
0
0
0
0
0
0
0
0
0
0
0
0
0
0
0
0
0
0
0
0
0
0
0
0
0
0
0
0
0
0
0
0
0
0
0
0
0
0
0
0
0
0
0
0
0
0
0
0
0
0
0
0
0
0
0
0
0
0
0
0
0
0
0
0
0
0
0
0
0
0
0
0
0
0
0
0
0
0
0
0
0
0
0
0
0
0
0
0
0
0
0
0
0
0
0
0
0
0
0
0
0
0
0
0
0
0
0
0
0
0
0
0
0
0
0
0
0
0
0
0
0
0
0
0
0
0
0
44.9751
45.0125
0.0124664
0
0
0
0
0
0
0
0
0
0
0
0
0
0
0
0
0
0
0
0
0
0
0
0
0
0
0
0
0
0
0
0
0
0
0
0
0
0
0
0
0
0
0
0
0
0
0
0
0
0
0
0
0
0
0
0
0
0
0
0
0
0
0
0
0
0
0
0
0
0
0
0
0
0
0
0
0
0
0
0
0
0
0
0
0
0
0
0
0
0
0
0
0
0
0
0
0
0
0
0
0
0
0
0
0
0
0
0
0
0
0
0
0
0
0
0
0
0
0
0
0
0
0
0
0
0
0
0
0
0
0
0
0
0
0
0
0
0
0
0
0
0
0
0
0
0
0
0
0
0
0
0
0
0
0
0
0
0
0
0
0
0
0
0
0
0
0
0
0
0
0
0
0
0
0
0
0
0
0
0
0
0
0
0
0
0
0
0
0
0
0
0
0
0
0
0
0
0
0
0
0
0
0
0
0
0
0
0
0
0
0
0
0
0
0
0
0
0
0
0
0
0
0
0
0
0
0
0
0
0
0
0
0
0
0
0
0
0
0
0
0
0
0
0
0
0
0
0
0
0
0
0
0
0
0
0
0
0
0
0
0
0
0
0
0
0
0
0
0
0
0
0
0
0
0
0
0
0
0
0
0
0
0
0
0
0
0
0
0
0
0
0
0
0
0
0
0
0
0
0
0
0
0
0
0
0
0
0
0
0
0
0
0
0
0
0
0
0
0
0
0
0
0
0
0
0
0
0
0
0
0
0
0
0
0
0
0
0
0
0
0
0
0
0
0
0
0
0
0
0
0
0
0
0
0
0
0
0
0
0
0
0
0
0
0
0
0
0
0
0
0
0
0
0
0
0
0
0
0
0
0
0
0
0
0
0
0
0
0
0
0
0
0
0
0
0
0
0
0
0
0
0
0
0
0
0
0
0
0
0
0
0
0
0
0
0
0
0
0
0
0
0
0
0
0
0
0
0
0
0
0
0
0
0
0
0
0
0
0
0
0
0
0
0
0
0
0
0
0
0
0
0
0
0
0
0
0
0
0
0
0
0
0
0
0
0
0
0
0
0
0
0
0
0
0
0
0
0
0
0
0
0
0
0
0
0
0
0
0
0
0
0
0
0
0
0
0
0
0
0
0
0
0
0
0
0
0
0
0
0
0
0
0
0
0
0
0
0
0
0
0
0
0
0
0
0
0
0
0
0
0
0
0
0
0
0
0
0
0
0
0
0
0
0
0
0
0
0
0
0
0
0
0
0
0
0
0
0
0
0
0
0
0
0
0
0
0
0
0
0
0
0
0
0
0
0
0
0
0
0
0
0
0
0
0
0
0
0
0
0
0
0
0
0
0
0
0
0
0
0
0
0
0
0
0
0
0
0
0
0
0
0
0
0
0
0
0
0
0
0
0
0
0
0
0
0
0
0
0
0
0
0
0
0
0
0
0
0
0
0
0
0
0
0
0
0
0
0
0
0
0
0
0
0
0
0
0
0
0
0
0
0
0
0
0
0
0
0
0
0
0
0
0
0
0
0
0
0
0
0
0
0
0
0
0
0
0
0
0
0
0
0
0
0
0
0
0
0
0
0
0
0
0
0
0
0
0
0
0
0
0
0
0
0
0
0
0
0
0
0
0
0
0
0
0
0
0
0
0
0
0
0
0
0
0
0
0
0
0
0
0
0
0
0
0
0
0
0
0
0
0
0
0
0
0
0
0
0
0
0
0
0
0
0
0
0
0
0
0
0
0
0
0
0
0
0
0
0
0
0
0
0
0
0
0
0
0
0
0
0
0
0
0
0
0
0
0
0
0
0
0
0
0
0
0
0
0
0
0
0
0
0
0
0
0
0
0
0
0
0
0
0
0
0
0
0
0
0
0
0
0
0
0
0
0
0
0
0
0
0
0
0
0
0
0
0
0
0
0
0
0
0
0
0
0
0
0
0
0
0
0
0
0
0
0
0
0
0
0
0
0
0
0
0
0
0
0
0
0
0
0
0
0
0
0
0
0
0
0
0
0
0
0
0
0
0
0
0
0
0
0
0
0
0
0
0
0
0
0
0
0
0
0
0
0
0
0
0
0
0
0
0
0
0
0
0
0
0
0
0
0
0
0
0
0
0
0
0
0
0
0
0
0
0
0
0
0
0
0
0
0
0
0
0
0
0
0
0
0
0
0
0
0
0
0
0
0
0
0
0
0
0
0
0
0
0
0
0
0
0
0
0
0
0
0
0
0
0
0
0
0
0
0
0
0
0
0
0
0
0
0
0
0
0
0
0
0
0
0
0
0
0
0
0
0
0
0
0
0
0
0
0
0
0
0
0
0
0
0
0
0
0
0
0
0
0
0
0
0
0
0
0
0
0
0
0
0
0
0
0
0
0
0
0
0
0
0
0
0
0
0
0
0
0
0
0
0
0
0
0
0
0
0
0
0
0
0
0
0
0
0
0
0
0
0
0
0
0
0
0
0
0
0
0
0
0
0
0
0
0
0
0
0
0
0
0
0
0
0
0
0
0
0
0
0
0
0
0
0
0
0
0
0
0
0
0
0
0
0
0
0
0
0
0
0
0
0
0
0
0
0
0
0
0
0
0
0
0
0
0
0
0
0
0
0
0
0
0
0
0
0
0
0
0
0
0
0
0
0
0
0
0
0
0
0
0
0
0
0
0
0
0
0
0
0
0
0
0
0
0
0
0
0
0
0
0
0
0
0
0
0
0
0
0
0
0
0
0
0
0
0
0
0
0
0
0
0
0
0
0
0
0
0
0
0
0
0
0
0
0
0
0
0
0
0
0
0
0
0
0
0
0
0
0
0
0
0
0
0
0
0
0
0
0
0
0
0
0
0
0
0
0
0
0
0
0
0
0
0
0
0
0
0
0
0
0
0
0
0
0
0
0
0
0
0
0
0
0
0
0
0
0
0
0
0
0
0
0
0
0
0
0
0
0
0
0
0
0
0
0
0
0
0
0
0
0
0
0
0
0
0
0
0
0
0
0
0
0
0
0
0
0
0
0
0
0
0
0
0
0
0
0
0
0
0
0
0
0
0
0
0
0
0
0
0
0
0
0
0
0
0
0
0
0
0
0
0
0
0
0
0
0
0
0
0
0
0
0
0
0
0
0
0
0
0
0
0
0
0
0
0
0
0
0
0
0
0
0
0
0
0
0
0
0
0
0
0
0
0
0
0
0
0
0
0
0
0
0
0
0
0
0
0
0
0
0
0
0
0
0
0
0
0
0
0
0
0
0
0
0
0
0
0
0
0
0
0
0
0
0
0
0
0
0
0
0
0
0
0
0
0
0
0
0
0
0
0
0
0
0
0
0
0
0
0
0
0
0
0
0
0
0
0
0
0
0
0
0
0
0
0
0
0
0
0
0
0
0
0
0
0
0
0
0
0
0
0
0
0
0
0
0
0
0
0
0
0
0
0
0
0
0
0
0
0
0
0
0
0
0
0
0
0
0
0
0
0
0
0
0
0
0
0
0
0
0
0
0
0
0
0
0
0
0
0
0
0
0
0
0
0
0
0
0
0
0
0
0
0
0
0
0
0
0
0
0
0
0
0
0
0
0
0
0
0
0
0
0
0
0
0
0
0
0
0
0
0
0
0
0
0
0
0
0
0
0
0
0
0
0
0
0
0
0
0
0
0
0
0
0
0
0
0
0
0
0
0
0
0
0
0
0
0
0
0
0
0
0
0
0
0
0
0
0
0
0
0
0
0
0
0
0
0
0
0
0
0
0
0
0
0
0
0
0
0
0
0
0
0
0
0
0
0
0
0
0
0
0
0
0
0
0
0
0
0
0
0
0
0
0
0
0
0
0
0
0
0
0
0
0
0
0
0
0
0
0
0
0
0
0
0
0
0
0
0
0
0
0
0
0
0
0
0
0
0
0
0
0
0
0
0
0
0
0
0
0
0
0
0
0
0
0
0
0
0
0
0
0
0
0
0
0
0
0
0
0
0
0
0
0
0
0
0
0
0
0
0
0
0
0
0
0
0
0
0
0
0
0
0
0
0
0
0
0
0
0
0
0
0
0
0
0
0
0
0
0
0
0
0
0
0
0
0
0
0
0
0
0
0
0
0
0
0
0
0
0
0
0
0
0
0
0
0
0
0
0
0
0
0
0
0
0
0
0
0
0
0
0
0
0
0
0
0
0
0
0
0
0
0
0
0
0
0
0
0
0
0
0
0
0
0
0
0
0
0
0
0
0
0
0
0
0
0
0
0
0
0
0
0
0
0
0
0
0
0
0
0
0
0
0
0
0
0
0
0
0
0
0
0
0
0
0
0
0
0
0
0
0
0
0
0
0
0
0
0
0
0
0
0
0
0
0
0
0
0
0
0
0
0
0
0
0
0
0
0
0
0
0
0
0
0
0
0
0
0
0
0
0
0
0
0
0
0
0
0
0
0
0
0
0
0
0
0
0
0
0
0
0
0
0
0
0
0
0
0
0
0
0
0
0
0
0
0
0
0
0
0
0
0
0
0
0
0
0
0
0
0
44.9751
45.0125
0.0124664
0
0
0
0
0
0
0
0
0
0
0
0
0
0
0
0
0
0
0
0
0
0
0
0
0
0
0
0
0
0
0
0
0
0
0
0
0
0
0
0
0
0
0
0
0
0
0
0
0
0
0
0
0
0
0
0
0
0
0
0
0
0
0
0
0
0
0
0
0
0
0
0
0
0
0
0
0
0
0
0
0
0
0
0
0
0
0
0
0
0
0
0
0
0
0
0
0
0
0
0
0
0
0
0
0
0
0
0
0
0
0
0
0
0
0
0
0
0
0
0
0
0
0
0
0
0
0
0
0
0
0
0
0
0
0
0
0
0
0
0
0
0
0
0
0
0
0
0
0
0
0
0
0
0
0
0
0
0
0
0
0
0
0
0
0
0
0
0
0
0
0
0
0
0
0
0
0
0
0
0
0
0
0
0
0
0
0
0
0
0
0
0
0
0
0
0
0
0
0
0
0
0
0
0
0
0
0
0
0
0
0
0
0
0
0
0
0
0
0
0
0
0
0
0
0
0
0
0
0
0
0
0
0
0
0
0
0
0
0
0
0
0
0
0
0
0
0
0
0
0
0
0
0
0
0
0
0
0
0
0
0
0
0
0
0
0
0
0
0
0
0
0
0
0
0
0
0
0
0
0
0
0
0
0
0
0
0
0
0
0
0
0
0
0
0
0
0
0
0
0
0
0
0
0
0
0
0
0
0
0
0
0
0
0
0
0
0
0
0
0
0
0
0
0
0
0
0
0
0
0
0
0
0
0
0
0
0
0
0
0
0
0
0
0
0
0
0
0
0
0
0
0
0
0
0
0
0
0
0
0
0
0
0
0
0
0
0
0
0
0
0
0
0
0
0
0
0
0
0
0
0
0
0
0
0
0
0
0
0
0
0
0
0
0
0
0
0
0
0
0
0
0
0
0
0
0
0
0
0
0
0
0
0
0
0
0
0
0
0
0
0
0
0
0
0
0
0
0
0
0
0
0
0
0
0
0
0
0
0
0
0
0
0
0
0
0
0
0
0
0
0
0
0
0
0
0
0
0
0
0
0
0
0
0
0
0
0
0
0
0
0
0
0
0
0
0
0
0
0
0
0
0
0
0
0
0
0
0
0
0
0
0
0
0
0
0
0
0
0
0
0
0
0
0
0
0
0
0
0
0
0
0
0
0
0
0
0
0
0
0
0
0
0
0
0
0
0
0
0
0
0
0
0
0
0
0
0
0
0
0
0
0
0
0
0
0
0
0
0
0
0
0
0
0
0
0
0
0
0
0
0
0
0
0
0
0
0
0
0
0
0
0
0
0
0
0
0
0
0
0
0
0
0
0
0
0
0
0
0
0
0
0
0
0
0
0
0
0
0
0
0
0
0
0
0
0
0
0
0
0
0
0
0
0
0
0
0
0
0
0
0
0
0
0
0
0
0
0
0
0
0
0
0
0
0
0
0
0
0
0
0
0
0
0
0
0
0
0
0
0
0
0
0
0
0
0
0
0
0
0
0
0
0
0
0
0
0
0
0
0
0
0
0
0
0
0
0
0
0
0
0
0
0
0
0
0
0
0
0
0
0
0
0
0
0
0
0
0
0
0
0
0
0
0
0
0
0
0
0
0
0
0
0
0
0
0
0
0
0
0
0
0
0
0
0
0
0
0
0
0
0
0
0
0
0
0
0
0
0
0
0
0
0
0
0
0
0
0
0
0
0
0
0
0
0
0
0
0
0
0
0
0
0
0
0
0
0
0
0
0
0
0
0
0
0
0
0
0
0
0
0
0
0
0
0
0
0
0
0
0
0
0
0
0
0
0
0
0
0
0
0
0
0
0
0
0
0
0
0
0
0
0
0
0
0
0
0
0
0
0
0
0
0
0
0
0
0
0
0
0
0
0
0
0
0
0
0
0
0
0
0
0
0
0
0
0
0
0
0
0
0
0
0
0
0
0
0
0
0
0
0
0
0
0
0
0
0
0
0
0
0
0
0
0
0
0
0
0
0
0
0
0
0
0
0
0
0
0
0
0
0
0
0
0
0
0
0
0
0
0
0
0
0
0
0
0
0
0
0
0
0
0
0
0
0
0
0
0
0
0
0
0
0
0
0
0
0
0
0
0
0
0
0
0
0
0
0
0
0
0
0
0
0
0
0
0
0
0
0
0
0
0
0
0
0
0
0
0
0
0
0
0
0
0
0
0
0
0
0
0
0
0
0
0
0
0
0
0
0
0
0
0
0
0
0
0
0
0
0
0
0
0
0
0
0
0
0
0
89.9751
