1	-4.69688	-3.44437	0	1	0
2	-4.07062	-3.44437	0	1	0
3	-3.96625	-3.96625	0	1	0
4	-4.38375	-4.38375	0	1	0
5	-3.44437	-4.69687	0	1	0
6	-3.44437	-4.07062	0	1	0
7	-1.87875	-0.62625	0	1	0
8	-3.13125	-0.62625	0	1	0
9	-3.13125	0.62625	0	1	0
10	-1.87875	0.62625	0	1	0
11	-2.19188	-1.56563	0	1	0
12	-2.81812	-1.56563	0	1	0
13	-4.07062	-0.313125	0	1	0
14	-4.07062	0.313125	0	1	0
15	-4.07062	-0.939375	0	1	0
16	-3.54875	-1.04375	0	1	0
17	-3.44437	-1.56563	0	1	0
18	0.62625	-1.87875	0	1	0
19	0.62625	-3.13125	0	1	0
20	-0.62625	-3.13125	0	1	0
21	-0.62625	-1.87875	0	1	0
22	-1.56562	-2.81812	0	1	0
23	-1.56562	-2.19187	0	1	0
24	0.313125	-4.07062	0	1	0
25	-0.313125	-4.07062	0	1	0
26	-1.56562	-3.44437	0	1	0
27	-1.04375	-3.54875	0	1	0
28	-0.939375	-4.07062	0	1	0
29	-0.62625	-0.62625	0	1	0
30	-0.62625	0.62625	0	1	0
31	-1.04375	-1.04375	0	1	0
32	-1.46125	-1.04375	0	1	0
33	-1.56562	-1.56563	0	1	0
34	0.62625	-0.62625	0	1	0
35	-1.04375	-1.46125	0	1	0
36	0.62625	0.62625	0	1	0
37	-2.81812	1.56562	0	1	0
38	-2.19187	1.56562	0	1	0
39	-4.07062	0.939375	0	1	0
40	-3.54875	1.04375	0	1	0
41	-3.44437	1.56562	0	1	0
42	-4.69687	3.44437	0	1	0
43	-4.38375	4.38375	0	1	0
44	-3.96625	3.96625	0	1	0
45	-4.07062	3.44437	0	1	0
46	-3.44437	4.07062	0	1	0
47	-3.44437	4.69687	0	1	0
48	-1.46125	1.04375	0	1	0
49	-1.04375	1.04375	0	1	0
50	-1.56562	1.56562	0	1	0
51	0.62625	1.87875	0	1	0
52	-0.62625	1.87875	0	1	0
53	-1.04375	1.46125	0	1	0
54	0.62625	3.13125	0	1	0
55	-0.62625	3.13125	0	1	0
56	-1.56562	2.19188	0	1	0
57	-1.56562	2.81812	0	1	0
58	-0.313125	4.07062	0	1	0
59	0.313125	4.07062	0	1	0
60	-1.56562	3.44437	0	1	0
61	-1.04375	3.54875	0	1	0
62	-0.939375	4.07062	0	1	0
63	1.56562	-2.19187	0	1	0
64	1.56562	-2.81812	0	1	0
65	1.04375	-3.54875	0	1	0
66	0.939375	-4.07062	0	1	0
67	1.56562	-3.44437	0	1	0
68	1.04375	-1.04375	0	1	0
69	1.04375	-1.46125	0	1	0
70	1.56562	-1.56563	0	1	0
71	1.87875	-0.62625	0	1	0
72	1.87875	0.62625	0	1	0
73	1.46125	-1.04375	0	1	0
74	3.13125	-0.62625	0	1	0
75	3.13125	0.62625	0	1	0
76	2.81812	-1.56563	0	1	0
77	2.19188	-1.56563	0	1	0
78	3.44437	-4.69687	0	1	0
79	3.44437	-4.07062	0	1	0
80	3.96625	-3.96625	0	1	0
81	4.38375	-4.38375	0	1	0
82	4.07062	-3.44437	0	1	0
83	4.69688	-3.44437	0	1	0
84	4.07062	0.313125	0	1	0
85	4.07062	-0.313125	0	1	0
86	3.54875	-1.04375	0	1	0
87	3.44437	-1.56563	0	1	0
88	4.07062	-0.939375	0	1	0
89	1.04375	1.46125	0	1	0
90	1.04375	1.04375	0	1	0
91	1.46125	1.04375	0	1	0
92	1.56562	2.81812	0	1	0
93	1.56562	2.19188	0	1	0
94	1.56562	1.56562	0	1	0
95	2.19188	1.56562	0	1	0
96	2.81812	1.56562	0	1	0
97	0.939375	4.07062	0	1	0
98	1.04375	3.54875	0	1	0
99	1.56562	3.44437	0	1	0
100	3.44437	1.56562	0	1	0
101	3.54875	1.04375	0	1	0
102	4.07062	0.939375	0	1	0
103	3.44437	4.07062	0	1	0
104	3.44437	4.69687	0	1	0
105	4.38375	4.38375	0	1	0
106	3.96625	3.96625	0	1	0
107	4.07062	3.44437	0	1	0
108	4.69688	3.44437	0	1	0
109	-4.07062	-2.81812	0	1	0
110	-4.69688	-2.81812	0	1	0
111	-4.69687	-2.19187	0	1	0
112	-4.07062	-2.19187	0	1	0
113	-3.44437	-2.81812	0	1	0
114	-3.44437	-3.44437	0	1	0
115	-3.44437	-2.19187	0	1	0
116	-2.81812	-4.07062	0	1	0
117	-2.81812	-4.69687	0	1	0
118	-2.81812	-3.44437	0	1	0
119	-2.19188	-4.07062	0	1	0
120	-2.19187	-4.69687	0	1	0
121	-2.19187	-3.44437	0	1	0
122	-2.81812	-2.81812	0	1	0
123	-2.81812	-2.19187	0	1	0
124	-2.19188	-2.81812	0	1	0
125	-2.19187	-2.19187	0	1	0
126	-4.07062	-1.56563	0	1	0
127	-4.69687	-1.56563	0	1	0
128	-4.69688	-0.939375	0	1	0
129	-4.69688	-0.313125	0	1	0
130	-4.69687	0.313125	0	1	0
131	-1.56562	-4.07062	0	1	0
132	-1.56562	-4.69687	0	1	0
133	-0.939375	-4.69687	0	1	0
134	-0.313125	-4.69687	0	1	0
135	0.313125	-4.69687	0	1	0
136	-4.69687	0.939375	0	1	0
137	-4.69688	1.56562	0	1	0
138	-4.07062	1.56562	0	1	0
139	-4.07062	2.19188	0	1	0
140	-4.69688	2.19188	0	1	0
141	-4.69687	2.81812	0	1	0
142	-4.07062	2.81812	0	1	0
143	-3.44437	2.19188	0	1	0
144	-3.44437	2.81812	0	1	0
145	-2.81812	2.19188	0	1	0
146	-2.81812	2.81812	0	1	0
147	-2.19188	2.19188	0	1	0
148	-2.19187	2.81812	0	1	0
149	-3.44437	3.44437	0	1	0
150	-2.81812	3.44437	0	1	0
151	-2.81812	4.07062	0	1	0
152	-2.19188	3.44437	0	1	0
153	-2.19187	4.07062	0	1	0
154	-2.81812	4.69687	0	1	0
155	-2.19188	4.69687	0	1	0
156	-1.56562	4.07062	0	1	0
157	-1.56562	4.69687	0	1	0
158	-0.939375	4.69687	0	1	0
159	-0.313125	4.69687	0	1	0
160	0.313125	4.69687	0	1	0
161	0.939375	-4.69687	0	1	0
162	1.56562	-4.07062	0	1	0
163	1.56562	-4.69687	0	1	0
164	2.19188	-4.07062	0	1	0
165	2.19188	-4.69687	0	1	0
166	2.19188	-3.44437	0	1	0
167	2.81812	-4.07062	0	1	0
168	2.81812	-4.69687	0	1	0
169	2.81812	-3.44437	0	1	0
170	2.19188	-2.81812	0	1	0
171	2.19188	-2.19187	0	1	0
172	2.81812	-2.81812	0	1	0
173	2.81812	-2.19187	0	1	0
174	3.44437	-3.44437	0	1	0
175	3.44437	-2.81812	0	1	0
176	3.44437	-2.19187	0	1	0
177	4.07062	-2.81812	0	1	0
178	4.07062	-2.19187	0	1	0
179	4.69688	-2.81812	0	1	0
180	4.69688	-2.19187	0	1	0
181	4.07062	-1.56563	0	1	0
182	4.69688	-1.56563	0	1	0
183	4.69688	-0.939375	0	1	0
184	4.69688	-0.313125	0	1	0
185	4.69688	0.313125	0	1	0
186	2.19188	2.19188	0	1	0
187	2.19188	2.81812	0	1	0
188	2.81812	2.19188	0	1	0
189	2.81812	2.81812	0	1	0
190	0.939375	4.69687	0	1	0
191	1.56562	4.69687	0	1	0
192	1.56562	4.07062	0	1	0
193	2.19188	3.44437	0	1	0
194	2.19188	4.07062	0	1	0
195	2.81812	3.44437	0	1	0
196	2.81812	4.07062	0	1	0
197	2.19188	4.69687	0	1	0
198	2.81812	4.69687	0	1	0
199	3.44437	2.19188	0	1	0
200	3.44437	2.81812	0	1	0
201	4.07062	2.19188	0	1	0
202	4.07062	1.56562	0	1	0
203	4.07062	2.81812	0	1	0
204	4.69688	0.939375	0	1	0
205	4.69688	1.56562	0	1	0
206	4.69688	2.19188	0	1	0
207	4.69688	2.81812	0	1	0
208	3.44437	3.44437	0	1	0
