735.143	282.907
733.927	281.076
733.486	280.532
733.014	280.015
732.728	279.736
732.189	279.289
731.856	279.067
731.595	278.919
731.234	278.749
730.857	278.613
730.569	278.529
729.884	278.386
714.898	275.895
703.403	276.041
703.303	276.047
701.92	276.26
701.245	276.443
700.868	276.577
700.591	276.693
700.232	276.868
699.887	277.071
699.639	277.239
699.322	277.484
698.81	277.96
698.352	278.489
698.114	278.811
697.742	279.404
697.428	280.029
697.276	280.399
697.064	281.066
696.979	281.457
696.935	281.753
696.915	281.952
696.905	282.152
696.906	282.352
696.931	282.651
696.963	282.848
697.012	283.042
697.08	283.23
697.12	283.322
697.165	283.411
697.214	283.498
697.324	283.665
697.385	283.744
697.45	283.82
697.589	283.964
697.739	284.096
697.978	284.277
698.319	284.486
698.585	284.625
701.279	285.696
702.648	286.309
708.871	289.93
710.125	290.552
711.519	291.104
712.859	291.51
715.691	292.138
718.563	292.525
719.262	292.541
719.962	292.508
720.359	292.466
721.047	292.334
721.431	292.224
721.713	292.122
722.079	291.961
722.43	291.769
722.683	291.608
724.899	289.741
725.44	289.297
726.698	288.484
727.339	288.202
727.719	288.077
728.008	287.999
728.696	287.87
730.192	287.759
733.791	287.747
734.488	287.682
735.172	287.534
735.36	287.467
735.541	287.383
735.628	287.334
735.712	287.279
735.791	287.218
735.866	287.152
735.935	287.08
735.998	287.002
736.053	286.918
736.101	286.831
736.141	286.739
736.174	286.645
736.199	286.548
736.219	286.45
736.233	286.351
736.243	286.251
736.247	286.052
736.237	285.852
736.179	285.456
736.112	285.164
735.999	284.78
735.587	283.761
173	147
172.98	147.098
172.973	147.198
172.978	147.297
172.987	147.397
173.004	147.496
173.078	147.786
173.141	147.976
173.334	148.437
173.559	148.883
174.076	149.74
174.716	150.634
175.353	151.405
176.039	152.132
176.774	152.811
177.56	153.429
178.394	153.98
180.755	155.054
181.237	155.185
181.727	155.283
182.224	155.341
182.724	155.35
183.023	155.323
183.22	155.293
183.511	155.22
183.606	155.189
183.699	155.153
183.791	155.112
183.88	155.068
183.967	155.019
184.052	154.966
184.133	154.907
184.211	154.845
184.286	154.778
184.357	154.708
184.425	154.634
184.487	154.557
184.547	154.476
184.602	154.393
184.655	154.308
184.703	154.22
184.746	154.13
184.858	153.852
184.914	153.66
184.977	153.367
185.022	152.869
185.018	152.569
185.004	152.37
184.965	152.072
184.929	151.876
184.857	151.584
184.799	151.393
184.695	151.112
184.615	150.929
184.478	150.661
184.375	150.49
184.205	150.243
184.078	150.089
184.011	150.014
183.872	149.871
183.644	149.676
183.484	149.556
183.23	149.396
183.055	149.299
182.129	148.925
178.615	148.152
176.694	147.596
174.03	146.739
173.733	146.693
173.633	146.686
173.534	146.684
173.434	146.69
173.335	146.706
173.24	146.735
173.152	146.783
173.079	146.851
173.025	146.935
172.993	147.029
155.021	125.299
155.068	125.596
155.138	125.887
155.229	126.173
155.716	127.157
156.059	127.649
156.44	128.112
158.128	129.671
159.092	130.385
161.014	131.648
166.974	135.315
169.624	137.595
171.903	140.251
172.325	140.677
172.779	141.069
173.444	141.513
173.711	141.649
173.988	141.765
174.272	141.86
174.563	141.933
174.859	141.983
175.157	142.012
175.457	142.022
176.552	141.927
177.139	141.806
177.717	141.643
178.282	141.441
178.831	141.199
179.781	140.647
180.022	140.468
180.25	140.274
180.463	140.063
180.655	139.832
180.712	139.75
180.766	139.666
180.817	139.58
180.862	139.491
180.902	139.399
180.937	139.305
180.965	139.209
180.986	139.112
180.998	139.013
181.003	138.913
180.999	138.813
180.987	138.714
180.968	138.615
180.942	138.519
180.908	138.425
180.871	138.332
180.827	138.243
180.778	138.155
180.727	138.069
180.671	137.986
180.551	137.827
180.486	137.75
180.281	137.532
180.06	137.328
179.587	136.96
179.084	136.632
177.015	135.635
173.642	134.722
170.785	134.228
170.497	134.145
170.214	134.045
169.94	133.922
169.852	133.875
169.681	133.772
169.599	133.715
169.52	133.654
169.443	133.589
169.37	133.521
169.302	133.449
169.236	133.373
169.174	133.294
169.119	133.211
169.067	133.126
169.019	133.038
168.977	132.947
168.903	132.761
168.798	132.376
168.71	131.782
168.6	128.585
168.563	128.288
168.508	127.993
168.428	127.703
168.395	127.609
168.316	127.426
168.269	127.337
168.217	127.252
168.159	127.171
168.095	127.094
168.024	127.023
167.948	126.958
167.867	126.899
167.781	126.848
167.692	126.804
167.6	126.764
167.506	126.731
167.41	126.703
167.313	126.678
167.215	126.658
166.918	126.616
166.619	126.596
163.72	126.616
163.422	126.581
163.127	126.526
162.838	126.448
162.557	126.342
162.467	126.3
162.291	126.205
162.206	126.152
162.044	126.035
161.967	125.971
161.754	125.76
161.689	125.684
161.207	124.926
161.079	124.655
160.854	124.099
159.965	121.339
159.725	120.789
159.575	120.529
159.519	120.447
159.458	120.367
159.395	120.29
159.325	120.218
159.251	120.151
159.171	120.092
159.085	120.04
158.994	119.998
158.899	119.967
158.802	119.946
158.702	119.937
158.602	119.936
158.503	119.944
158.404	119.96
158.307	119.983
158.21	120.009
158.116	120.042
157.932	120.121
157.842	120.165
157.584	120.317
157.339	120.49
157.107	120.68
156.886	120.884
155.839	122.218
155.552	122.744
155.426	123.016
155.314	123.295
155.217	123.578
155.135	123.867
155.071	124.16
155.026	124.457
371.057	304.918
371.092	304.825
371.091	304.725
371.054	304.633
370.992	304.555
370.916	304.489
370.835	304.432
370.748	304.382
370.659	304.336
370.382	304.222
370.193	304.157
369.712	304.021
368.834	303.823
364.2	303.035
360.601	302.177
350.02	298.51
346.728	296.822
345.896	296.479
345.802	296.445
344.944	296.173
344.554	296.085
344.06	296.007
343.361	295.977
342.664	296.039
342.173	296.134
341.311	296.392
340.479	296.734
335.069	299.542
334.686	299.863
334.546	300.006
334.417	300.159
334.357	300.239
334.3	300.321
334.247	300.405
334.197	300.492
334.152	300.581
334.11	300.672
334.074	300.765
334.041	300.86
334.012	300.956
333.989	301.053
333.952	301.249
333.932	301.448
333.923	301.748
333.931	301.948
333.991	302.444
334.071	302.836
334.2	303.319
334.501	304.167
334.907	305.081
335.324	305.878
336.859	308.217
338.097	309.658
338.739	310.289
339.418	310.879
340.213	311.485
340.966	311.979
346.003	314.418
378.727	331.888
380.515	332.532
385.925	333.976
388.516	335.032
395.693	339.387
401.814	343.72
403.353	344.653
405.052	345.503
411.936	348.478
415.234	350.154
416.072	350.48
417.027	350.778
417.903	350.982
418.792	351.121
420.688	351.243
421.587	351.221
422.583	351.128
422.978	351.065
423.467	350.961
424.133	350.747
424.315	350.664
424.403	350.618
424.49	350.568
424.574	350.514
424.656	350.456
424.733	350.393
424.805	350.323
424.87	350.247
424.926	350.165
424.972	350.076
425.005	349.982
425.023	349.883
425.027	349.784
425.019	349.684
425	349.586
424.971	349.49
424.936	349.397
424.895	349.306
424.849	349.217
424.799	349.13
424.689	348.963
424.377	348.572
423.889	348.071
416.141	342.077
415.365	341.622
414.465	341.188
413.624	340.866
410.093	339.764
409.633	339.569
409.189	339.338
409.018	339.234
408.854	339.121
408.62	338.933
408.475	338.795
408.407	338.721
408.343	338.645
408.283	338.565
408.226	338.483
408.173	338.398
408.125	338.31
408.082	338.22
408.044	338.128
408.011	338.033
407.983	337.937
407.96	337.84
407.942	337.742
407.928	337.643
407.918	337.543
407.91	337.343
407.92	337.044
407.963	336.646
408.053	336.154
408.801	333.456
409	332.578
409.069	332.083
409.083	331.884
409.085	331.584
409.072	331.385
409.043	331.187
409.022	331.089
408.997	330.992
408.967	330.897
408.932	330.803
408.892	330.711
408.848	330.622
408.798	330.535
408.745	330.45
408.688	330.368
408.627	330.289
408.563	330.212
408.496	330.138
408.426	330.067
408.353	329.998
408.121	329.808
407.958	329.692
407.168	329.264
406.706	329.073
401.364	327.407
400.553	327.017
399.37	326.271
398.977	325.962
398.319	325.348
397.982	324.979
396.528	323.198
396.18	322.838
395.498	322.252
395.088	321.966
394.305	321.522
393.851	321.315
392.527	320.859
391.654	320.64
380.592	318.912
378.758	318.419
377.907	318.125
376.171	317.355
375.385	316.917
371.51	314.261
370.726	313.818
363.912	310.701
363.355	310.279
363.212	310.139
363.146	310.064
363.083	309.986
363.025	309.905
362.974	309.819
362.931	309.729
362.897	309.635
362.875	309.537
362.866	309.438
362.871	309.338
362.891	309.24
362.923	309.146
362.967	309.056
363.02	308.971
363.08	308.891
363.146	308.816
363.216	308.745
363.289	308.677
363.365	308.611
363.443	308.549
364.202	308.066
365.925	307.265
470	435
469.905	434.968
469.809	434.943
469.71	434.928
469.61	434.918
469.51	434.916
469.41	434.918
469.311	434.924
469.211	434.935
468.916	434.987
468.626	435.063
467.876	435.34
466.892	435.832
465.953	436.405
465.053	437.037
464.191	437.721
463.372	438.455
462.607	439.245
462.284	439.627
461.926	440.108
461.661	440.532
461.522	440.798
461.399	441.072
461.328	441.259
461.238	441.545
461.17	441.837
461.127	442.134
461.111	442.333
461.107	442.633
461.125	442.932
461.149	443.131
461.166	443.229
461.269	443.719
461.947	445.811
462.187	446.884
462.26	447.479
462.313	448.478
462.314	448.578
461.607	454.529
461.578	455.028
461.577	455.328
461.594	455.627
461.631	455.925
461.668	456.121
461.744	456.412
461.848	456.693
461.888	456.784
462.029	457.049
462.082	457.134
462.257	457.377
462.454	457.604
462.819	457.945
463.055	458.13
463.73	458.559
464.265	458.83
464.723	459.032
465.756	459.408
466.812	459.716
468.959	460.194
473.317	460.802
477.711	461.028
479.909	460.94
481.002	460.817
482.086	460.629
483.156	460.375
492.978	457.008
494.07	456.883
494.57	456.868
495.17	456.889
495.667	456.944
496.256	457.057
496.737	457.191
497.303	457.39
501.626	459.688
501.901	459.807
502.183	459.908
502.279	459.937
502.376	459.961
502.474	459.981
502.573	459.998
502.672	460.009
502.772	460.014
502.872	460.013
502.971	460.004
503.07	459.986
503.167	459.961
503.261	459.927
503.352	459.887
503.439	459.838
503.523	459.783
503.604	459.725
503.681	459.661
503.754	459.593
503.892	459.448
504.352	458.795
505.843	455.851
506.39	454.897
507.009	453.988
507.707	453.139
511.176	449.679
511.566	449.223
511.685	449.062
511.741	448.979
511.847	448.81
511.894	448.721
511.936	448.631
511.974	448.539
512.004	448.443
512.025	448.346
512.036	448.246
512.033	448.146
512.015	448.048
511.981	447.954
511.934	447.866
511.875	447.785
511.808	447.711
511.734	447.644
511.655	447.583
511.572	447.527
511.486	447.476
511.398	447.429
511.217	447.344
510.937	447.237
510.65	447.149
510.358	447.078
509.274	446.897
497.512	448.697
495.347	449.069
494.248	449.117
493.148	449.105
484.457	449.498
484.357	449.507
481.091	449.965
479.492	449.982
478.398	449.87
476.832	449.545
473.747	448.387
472.775	447.872
472.261	447.562
471.387	446.897
471.037	446.54
470.847	446.307
470.677	446.061
470.435	445.624
470.316	445.348
470.22	445.064
470.1	444.579
470.018	443.985
469.993	443.485
470.044	442.387
470.661	438.031
470.737	436.933
470.691	436.135
470.633	435.841
470.605	435.745
470.572	435.651
470.536	435.558
470.493	435.467
470.442	435.381
470.386	435.299
470.321	435.223
470.249	435.153
470.17	435.092
470.085	435.04
198	163
197.902	163.021
197.807	163.05
197.714	163.087
197.623	163.128
197.534	163.175
197.448	163.225
197.364	163.28
197.203	163.399
196.977	163.595
196.834	163.735
196.505	164.111
195.993	164.851
195.748	165.287
195.378	166.107
195.21	166.577
195.072	167.058
194.984	167.448
194.903	167.942
194.859	168.44
194.854	168.84
194.856	168.939
194.884	169.339
194.962	169.832
195.007	170.027
195.156	170.504
195.441	171.143
195.691	171.576
195.915	171.907
196.219	172.304
196.55	172.679
197.199	173.302
197.586	173.618
198.325	174.131
198.757	174.383
199.205	174.605
199.574	174.76
200.049	174.915
200.244	174.96
200.54	175.007
200.64	175.015
200.74	175.019
200.84	175.016
200.939	175.007
201.038	174.993
201.135	174.969
201.229	174.935
201.319	174.892
201.404	174.839
201.481	174.775
201.551	174.704
201.612	174.624
201.664	174.539
201.708	174.45
201.746	174.357
201.777	174.262
201.801	174.165
201.821	174.067
201.836	173.968
201.857	173.77
201.865	173.57
201.847	173.07
201.728	172.178
200.135	165.775
199.645	164.465
199.422	164.018
199.32	163.845
199.151	163.597
199.09	163.519
199.025	163.442
198.957	163.369
198.885	163.3
198.808	163.235
198.728	163.176
198.644	163.121
198.556	163.075
198.463	163.038
198.367	163.01
198.269	162.993
198.169	162.987
198.069	162.991
7.91514	132.82
7.76803	132.448
7.70737	132.257
7.65594	132.064
7.61395	131.869
7.58163	131.671
7.55913	131.473
7.54655	131.273
7.54395	131.073
7.55132	130.873
7.56857	130.674
7.59558	130.476
7.63216	130.279
7.94957	129.333
8.13267	128.978
8.34364	128.638
8.57962	128.315
9.64352	127.263
9.96514	127.025
10.6426	126.6
11.3501	126.227
14.988	124.565
16.9571	123.056
17.0737	122.894
17.1804	122.724
17.2776	122.55
17.4451	122.187
17.583	121.811
17.6976	121.428
18.1556	119.481
18.2702	119.098
18.4082	118.723
18.5778	118.361
18.6763	118.187
18.7848	118.019
18.9037	117.858
19.033	117.705
19.1724	117.562
19.3215	117.429
19.4794	117.306
21.4307	116.58
22.2233	116.472
23.0209	116.412
26.2206	116.453
38.7521	117.75
40.3177	118.079
41.8499	118.54
71.5597	128.698
71.6573	128.715
77.9507	129
84.2484	128.829
85.0469	128.877
85.8409	128.974
86.6253	129.131
88.0564	129.577
88.7931	129.889
89.5083	130.247
90.1997	130.65
90.8654	131.093
91.5026	131.577
92.1087	132.099
92.6831	132.656
95.9125	136.069
97.1328	137.104
98.44	138.026
99.8219	138.832
101.184	139.459
101.938	139.727
102.71	139.934
103.103	140.01
103.499	140.064
103.898	140.091
104.298	140.09
104.498	140.076
104.697	140.054
104.894	140.022
105.09	139.979
105.283	139.927
105.473	139.864
105.842	139.712
106.198	139.53
106.54	139.321
109.524	136.815
109.847	136.58
110.185	136.366
110.36	136.269
110.539	136.18
110.722	136.1
110.91	136.03
111.101	135.971
111.295	135.923
111.491	135.886
111.69	135.86
112.089	135.838
112.489	135.85
112.886	135.893
113.281	135.961
113.67	136.051
114.055	136.159
114.811	136.421
125.022	142.306
125.667	142.779
126.289	143.282
126.885	143.816
127.45	144.382
128.481	145.606
131.268	149.389
131.804	149.982
132.386	150.532
132.697	150.783
133.023	151.015
133.364	151.223
133.718	151.409
139.04	152.738
139.813	152.943
140.572	153.196
141.315	153.492
145.565	155.498
146.311	155.787
147.076	156.02
147.466	156.109
147.86	156.178
148.257	156.227
149.456	156.243
149.854	156.205
152.405	155.371
152.748	155.167
153.08	154.943
153.398	154.701
153.703	154.442
153.996	154.169
154.276	153.883
154.802	153.281
155.29	152.647
158.586	147.281
159.309	145.854
159.626	145.12
159.896	144.366
160.004	143.981
160.088	143.59
160.144	143.194
160.164	142.895
160.167	142.795
160.161	142.495
160.155	142.396
160.124	142.097
160.055	141.703
159.958	141.315
159.699	140.559
159.387	139.822
154.696	131.575
153.704	130.32
152.608	129.154
151.492	128.152
146.996	124.817
146.391	124.293
145.833	123.72
145.642	123.488
145.582	123.409
145.412	123.162
145.358	123.078
145.216	122.813
145.138	122.629
145.075	122.44
145.049	122.343
145.029	122.245
145.013	122.147
145.003	122.047
144.999	121.947
145	121.847
145.006	121.748
145.018	121.648
145.054	121.452
145.106	121.259
145.172	121.07
145.248	120.885
145.426	120.526
145.627	120.181
146.987	118.204
147.406	117.522
148.066	115.345
148.055	114.945
148.009	114.548
147.934	114.155
147.832	113.769
147.707	113.388
147.564	113.015
147.228	112.289
146.842	111.588
145.961	110.253
142.923	106.672
140.58	104.493
138.244	102.455
137.706	101.863
137.467	101.543
137.255	101.204
137.163	101.027
137.081	100.844
137.011	100.657
136.954	100.465
136.912	100.27
136.884	100.071
136.873	99.8718
136.876	99.6719
136.895	99.4728
136.929	99.2757
136.976	99.0813
137.036	98.8905
137.107	98.7034
137.186	98.52
137.37	98.1645
137.577	97.8228
137.805	97.4941
138.309	96.8726
138.862	96.2949
139.457	95.76
140.007	95.3282
140.671	94.8816
141.371	94.4952
141.736	94.331
142.111	94.1912
142.302	94.132
142.495	94.0815
142.691	94.0408
142.889	94.0111
143.088	93.9944
143.288	93.9919
143.488	94.0046
143.686	94.0328
143.881	94.0763
144.072	94.1346
144.259	94.2069
144.439	94.2919
144.615	94.3884
144.784	94.4949
145.105	94.7332
145.406	94.9966
147.683	97.6515
148.23	98.2353
148.815	98.7812
149.432	99.2901
150.076	99.7647
150.741	100.209
162.637	106.368
163.377	106.673
163.755	106.803
164.14	106.913
164.531	106.998
164.927	107.053
165.126	107.067
165.326	107.071
165.526	107.064
165.725	107.045
165.923	107.015
166.118	106.972
166.31	106.917
166.499	106.85
170.101	103.886
172.491	101.759
174.968	99.8951
175.043	99.8293
177.28	97.6822
179.33	95.7829
181.043	94.991
181.438	94.9237
181.836	94.8874
182.635	94.886
185.822	95.1753
187.021	95.164
187.419	95.1181
187.812	95.0448
188.198	94.9409
192.731	91.8868
193.372	91.4074
194.044	90.9748
194.762	90.6231
195.137	90.484
195.521	90.3722
195.814	90.3071
196.209	90.2461
196.608	90.2149
197.008	90.213
197.407	90.2391
197.804	90.2914
198.196	90.3679
198.584	90.4663
199.342	90.7201
200.077	91.0366
201.486	91.7947
206.202	94.6215
206.924	94.9665
207.664	95.2702
208.42	95.5334
212.975	96.6897
213.743	96.9145
214.496	97.1842
215.231	97.5003
220.104	100.047
232.018	104.437
233.568	104.83
235.057	105.001
235.857	104.985
239.042	104.683
239.441	104.685
239.84	104.714
240.624	104.868
240.814	104.93
241.362	105.173
241.707	105.375
243.158	106.596
243.702	107.182
247.761	111.999
247.832	112.07
254.968	118.184
257.335	120.337
261.128	124.316
261.751	124.818
262.408	125.274
263.096	125.681
263.809	126.045
264.54	126.369
266.041	126.924
270.581	128.132
278.393	129.22
279.193	129.209
279.991	129.153
280.783	129.042
281.175	128.961
285.654	126.595
285.998	126.391
286.355	126.211
286.54	126.134
286.729	126.069
286.922	126.017
287.118	125.98
287.317	125.958
287.517	125.951
287.717	125.957
287.916	125.975
288.31	126.042
288.697	126.142
289.452	126.407
293.01	128.003
294.521	128.53
309.848	132.31
311.322	132.932
312.751	133.651
320.716	138.823
323.415	140.35
330.625	143.572
332.026	144.345
332.696	144.782
333.339	145.259
336.691	148.545
336.769	148.607
346.87	155.625
346.954	155.678
359.008	159.346
360.5	159.924
361.946	160.608
362.641	161.004
363.309	161.445
365.782	164.41
368.264	169.427
370.031	171.97
370.565	172.566
371.136	173.126
371.743	173.647
372.38	174.131
377.711	177.484
378.989	178.447
406.545	199.522
415.513	208.229
419.064	213.431
419.573	214.048
420.106	214.644
420.668	215.214
421.26	215.752
421.883	216.254
422.538	216.713
425.308	218.093
428.295	219.241
429.761	219.883
431.078	220.6
435.021	223.335
446.29	228.97
447.774	229.57
449.287	230.09
453.832	231.285
455.361	231.756
456.107	232.045
456.834	232.379
460.98	234.591
461.719	234.897
462.475	235.157
463.245	235.375
464.024	235.556
465.602	235.822
470.292	235.983
476.537	235.155
486.796	234.275
487.579	234.111
488.349	233.893
488.726	233.759
489.097	233.609
489.82	233.268
492.552	231.805
493.291	231.499
494.049	231.244
494.823	231.04
496.397	230.754
502.235	229.927
502.426	229.868
502.613	229.798
502.705	229.758
502.794	229.712
502.88	229.661
502.96	229.602
503.032	229.532
503.088	229.45
503.12	229.356
503.121	229.256
503.095	229.16
503.049	229.071
502.992	228.989
502.926	228.914
502.781	228.776
502.625	228.651
502.296	228.423
501.954	228.217
496.907	226.045
489.32	223.867
488.53	223.741
487.735	223.655
486.936	223.623
486.136	223.656
483.06	224.001
482.961	223.996
482.263	223.935
481.474	223.807
480.694	223.63
479.925	223.409
479.17	223.144
478.433	222.833
477.721	222.469
477.378	222.263
477.047	222.039
476.731	221.793
476.435	221.525
476.167	221.228
476.047	221.068
475.939	220.9
475.843	220.724
475.761	220.542
475.54	219.47
475.541	219.07
475.57	218.671
475.962	216.304
476.006	215.906
476.026	215.507
476.023	215.307
476.011	215.107
475.987	214.909
475.951	214.712
475.904	214.518
475.845	214.327
475.776	214.139
475.696	213.956
475.513	213.6
475.301	213.261
467.202	205.845
465.89	204.93
465.203	204.52
464.499	204.141
461.688	202.833
461.604	202.782
445.896	189.767
444.692	188.714
443.577	187.567
442.617	186.414
441.686	185.113
440.856	183.745
438.055	178.103
436.397	175.366
426.666	162.927
424.861	160.285
423.284	157.616
422.547	156.195
421.891	154.736
421.346	153.232
419.904	148.76
416.844	141.484
416.646	140.709
416.489	139.924
416.095	136.749
415.051	130.537
414.984	129.74
414.965	128.94
415.014	124.241
414.596	118.758
414.598	118.658
414.637	117.959
414.648	117.86
414.663	117.761
414.704	117.565
414.73	117.469
414.761	117.374
414.798	117.281
414.843	117.192
414.898	117.108
414.964	117.033
415.041	116.97
415.13	116.925
415.227	116.898
415.326	116.89
415.426	116.895
415.524	116.911
415.621	116.936
415.716	116.968
415.809	117.006
415.899	117.048
416.076	117.142
416.246	117.246
416.574	117.476
416.887	117.725
418.053	118.82
424.155	126.098
425.189	127.184
425.261	127.254
426.379	128.254
435.122	135.09
439.475	138.445
440.023	139.027
440.275	139.338
440.511	139.66
440.943	140.333
442.472	143.144
443.28	144.408
443.338	144.489
444.249	145.681
445.31	146.878
446.453	147.998
447.672	149.034
448.883	149.919
448.966	149.975
450.244	150.76
451.669	151.487
452.406	151.798
453.162	152.061
453.547	152.166
453.94	152.245
454.138	152.269
454.338	152.28
454.438	152.277
454.537	152.269
454.636	152.253
454.732	152.226
454.824	152.186
454.905	152.129
454.971	152.053
455.014	151.963
455.034	151.866
455.038	151.766
455.029	151.666
455.01	151.568
454.985	151.472
454.954	151.376
454.92	151.283
454.754	150.919
454.347	150.23
446.797	141.039
445.83	139.763
444.956	138.424
440.297	130.26
440.252	130.171
439.984	129.524
439.954	129.429
439.93	129.332
439.913	129.234
439.91	129.134
440.027	128.995
440.126	129.004
440.221	129.035
440.401	129.122
448.498	136.399
452.291	140.378
452.922	140.87
453.589	141.31
454.293	141.691
455.026	142.01
455.784	142.267
456.557	142.471
462.021	143.025
471.509	142.615
477.767	141.889
480.921	141.349
483.94	140.644
485.472	140.182
486.973	139.628
488.434	138.976
489.855	138.242
501.254	133.11
501.346	133.074
507.197	131.022
507.29	130.985
510.098	129.671
510.841	129.377
511.598	129.118
512.369	128.905
516.571	128.007
516.942	127.857
517.122	127.77
517.296	127.671
517.462	127.561
517.619	127.437
517.694	127.37
517.765	127.3
517.832	127.226
517.895	127.149
517.955	127.068
518.009	126.984
518.059	126.898
518.105	126.809
518.184	126.625
518.247	126.435
518.297	126.242
518.335	126.045
518.382	125.648
518.4	125.249
518.003	119.764
518.037	118.965
518.125	118.17
518.264	117.382
518.452	116.605
518.687	115.84
518.966	115.09
520.403	112.348
534.356	78.0745
534.685	77.3454
534.884	76.9983
534.997	76.8339
535.123	76.6784
535.191	76.6056
535.264	76.5366
535.34	76.4719
535.42	76.4119
535.504	76.3571
535.59	76.3076
535.68	76.2635
535.772	76.2246
535.866	76.1906
535.962	76.1612
536.058	76.1359
557.826	75.0679
564.126	74.9953
567.322	75.1499
571.978	75.7748
573.537	76.1341
579.58	77.9123
580.365	78.0651
581.157	78.1773
581.954	78.2451
582.754	78.2624
583.553	78.2218
584.345	78.1147
584.737	78.0327
585.123	77.9299
585.503	77.8049
585.875	77.6565
586.497	77.3374
586.833	77.1204
587.151	76.8783
587.451	76.6135
587.733	76.3297
588.249	75.7187
589.133	74.3855
592.073	69.7781
592.396	69.5421
592.736	69.3322
593.452	68.9755
601.668	66.1303
602.449	65.9572
603.24	65.8325
603.638	65.7978
604.038	65.7901
604.238	65.8004
604.436	65.8227
604.535	65.8397
604.632	65.861
604.729	65.8874
604.824	65.9195
604.916	65.958
605.005	66.0031
605.089	66.0566
605.168	66.1178
605.241	66.1866
605.306	66.2621
605.364	66.3435
605.415	66.43
605.458	66.5199
605.495	66.6127
605.526	66.7077
605.551	66.8045
605.59	67.0007
605.603	67.0998
605.514	69.4954
605.506	70.2953
605.537	70.6939
605.566	70.8919
605.605	71.0881
605.655	71.2816
605.719	71.4712
605.797	71.6553
605.89	71.8321
605.943	71.9171
606	71.9995
606.06	72.079
606.125	72.1556
606.263	72.3002
606.412	72.4332
606.571	72.5551
606.737	72.6664
606.909	72.7679
607.087	72.8599
607.453	73.0202
607.831	73.1519
608.607	73.3438
609.299	73.4491
609.398	73.4601
610.096	73.5106
610.896	73.5159
611.695	73.4687
612.488	73.369
613.273	73.212
613.659	73.1086
614.04	72.9857
614.413	72.8404
614.774	72.6701
615.122	72.4729
615.453	72.2477
615.763	71.9949
616.049	71.7161
616.312	71.4143
616.916	70.4968
619.509	64.6506
619.921	63.9646
620.324	63.3925
620.385	63.3132
620.576	63.0822
621.301	62.3963
621.465	62.2814
621.635	62.1765
621.812	62.0832
621.995	62.0028
622.184	61.9367
622.377	61.8853
622.573	61.8485
622.772	61.826
622.972	61.8173
623.172	61.8217
623.371	61.8384
623.569	61.8664
623.765	61.9049
624.151	62.0103
624.527	62.1485
624.891	62.3143
625.243	62.5036
625.584	62.7131
625.912	62.9406
626.537	63.4398
627.119	63.989
628.095	65.1264
628.982	66.4585
629.758	67.8576
631.993	71.9877
633.041	73.1932
634.859	74.7603
635.432	75.3188
635.698	75.6176
635.947	75.9301
637.915	79.2941
638.776	80.6424
639.271	81.2703
639.541	81.5657
639.827	81.8456
640.13	82.107
640.448	82.3485
640.781	82.5707
641.125	82.7745
641.838	83.1364
647.009	85.0041
647.737	85.3367
649.727	86.4867
649.809	86.5437
659.792	94.2317
666.324	98.6712
667.56	99.687
670.994	102.895
672.234	103.906
672.563	104.134
672.902	104.346
673.252	104.539
673.615	104.708
673.801	104.781
673.99	104.846
674.183	104.901
674.378	104.945
674.575	104.977
674.774	104.995
674.974	105
675.174	104.989
675.372	104.964
675.568	104.925
675.952	104.813
676.323	104.664
676.593	104.534
676.682	104.487
679.619	102.587
679.97	102.395
680.332	102.225
680.518	102.15
680.706	102.083
680.898	102.026
681.092	101.98
681.289	101.944
681.488	101.92
681.687	101.906
681.887	101.903
682.286	101.925
682.683	101.979
683.074	102.061
683.841	102.287
686.705	103.473
692.733	105.302
692.831	105.318
717.807	107.813
718.578	107.601
719.361	107.437
757.191	108.308
758.754	108.653
759.136	108.77
759.511	108.908
759.695	108.988
759.874	109.076
760.048	109.175
760.214	109.287
760.293	109.348
760.368	109.414
760.439	109.484
760.506	109.559
760.566	109.639
760.62	109.723
760.668	109.811
760.708	109.902
760.742	109.996
760.77	110.092
760.888	110.68
760.914	110.777
760.946	110.872
760.984	110.964
761.029	111.053
761.08	111.139
761.137	111.221
761.198	111.3
761.264	111.376
761.403	111.519
761.786	111.839
761.868	111.897
762.456	112.276
781.571	121.892
783.048	122.507
784.491	122.913
786.081	123.064
786.88	123.024
787.674	122.926
792.272	121.955
792.37	121.939
793.859	121.759
795.458	121.689
797.057	121.746
797.853	121.825
804.706	123.639
812.432	125.229
812.832	125.247
813.232	125.24
813.431	125.223
813.629	125.19
813.725	125.165
813.819	125.131
813.908	125.085
813.984	125.02
814.034	124.934
814.047	124.836
814.031	124.737
813.997	124.643
813.952	124.554
813.9	124.469
813.844	124.386
813.782	124.307
813.519	124.006
809.679	120.652
809.1	120.1
808.549	119.521
808.034	118.908
807.563	118.262
807.144	117.58
806.826	116.957
806.784	116.866
806.282	115.454
806.107	114.673
805.986	113.883
805.91	113.086
805.871	112.287
806.407	90.295
806.398	90.1964
804.357	85.9828
803.619	84.5632
803.464	84.1945
803.328	83.8182
803.15	83.0395
803.133	82.8403
803.13	82.6405
803.135	82.5406
803.143	82.441
803.173	82.2434
803.196	82.146
803.223	82.0499
803.256	81.9553
803.293	81.8626
803.335	81.772
803.382	81.6838
803.434	81.5981
803.49	81.5152
803.55	81.4352
803.613	81.3581
803.68	81.284
803.824	81.1454
803.978	81.0178
804.141	80.9011
804.661	80.6041
805.4	80.2957
806.161	80.0504
809.292	79.3899
818.6	78.0779
818.698	78.0599
820.159	77.7202
821.682	77.2317
822.424	76.9327
823.151	76.5987
827.508	74.9458
828.308	74.9228
829.107	74.9534
830.698	75.118
836.919	76.1164
842.946	77.57
843.038	77.6054
844.286	78.4372
845.673	79.2343
846.405	79.5566
846.781	79.6924
847.164	79.8103
847.551	79.9096
847.943	79.9898
848.338	80.0514
848.736	80.0956
849.534	80.1388
850.334	80.1276
852.61	79.8174
853.382	79.6075
854.134	79.3342
854.498	79.1691
854.851	78.9818
855.19	78.7691
855.352	78.652
855.508	78.5269
855.657	78.3932
855.797	78.2504
855.926	78.098
856.043	77.9358
856.146	77.7643
856.234	77.5848
856.308	77.3988
856.367	77.2078
856.413	77.0133
856.448	76.8163
856.486	76.4183
856.484	75.6184
856.414	73.7207
856.451	73.3225
856.465	73.2236
856.483	73.1252
856.529	72.9306
856.588	72.7394
856.66	72.5532
856.748	72.3736
856.851	72.2021
856.968	72.0402
857.099	71.8888
857.241	71.7481
857.392	71.6176
857.552	71.4965
857.717	71.3842
858.063	71.1837
858.424	71.0116
858.796	70.864
859.176	70.7383
859.561	70.632
859.952	70.544
860.741	70.4158
861.538	70.347
863.037	70.3655
863.832	70.4526
864.619	70.5951
865.394	70.7956
866.15	71.0578
866.88	71.3838
867.581	71.7685
868.25	72.2079
868.882	72.6984
870.427	74.3925
870.638	74.7322
870.823	75.0867
870.904	75.2693
870.976	75.4559
871.038	75.6462
871.087	75.84
871.122	76.0369
871.14	76.236
871.143	76.3359
871.14	76.4359
871.131	76.5355
871.117	76.6344
871.096	76.7322
871.068	76.8284
871.034	76.9224
870.993	77.0136
870.946	77.1015
870.892	77.1857
870.832	77.2661
870.768	77.3426
870.699	77.4151
870.626	77.4839
870.551	77.5491
870.472	77.6107
870.308	77.7249
870.136	77.828
869.779	78.0082
869.41	78.1618
865.672	79.2723
864.922	79.5482
864.555	79.7083
864.198	79.888
863.853	80.0909
863.525	80.3191
863.214	80.5711
862.922	80.845
862.65	81.138
862.397	81.4474
862.161	81.7706
861.942	82.1053
861.545	82.7994
860.214	85.5988
859.825	86.2982
859.389	86.9686
857.966	88.901
857.536	89.5758
857.351	89.9301
857.193	90.2975
856.973	92.1665
857.027	92.5628
857.106	92.9549
857.207	93.342
857.461	94.1003
858.13	95.5529
858.525	96.2487
865.145	105.026
865.211	105.102
867.379	107.317
869.709	109.511
871.402	111.606
871.597	111.955
871.77	112.316
871.918	112.688
872.04	113.068
872.137	113.456
872.209	113.85
872.258	114.247
872.286	114.646
870.842	122.786
870.315	124.297
869.704	125.554
869.59	125.718
869.527	125.796
869.459	125.87
869.385	125.937
869.303	125.993
869.211	126.031
869.112	126.04
869.017	126.01
868.937	125.951
868.87	125.876
868.815	125.793
868.765	125.706
868.608	125.339
867.446	120.682
867.198	119.922
866.894	119.182
866.429	118.413
866.366	118.336
866.23	118.19
866.156	118.122
866.079	118.058
865.998	118
865.914	117.947
865.825	117.9
865.734	117.859
865.64	117.825
865.544	117.798
865.446	117.778
865.347	117.764
865.247	117.756
865.147	117.755
865.048	117.76
864.948	117.769
864.849	117.784
864.654	117.827
864.462	117.885
864.275	117.955
864.093	118.037
863.741	118.227
863.406	118.445
863.085	118.684
862.485	119.213
861.933	119.792
861.426	120.411
860.964	121.064
860.552	121.749
860.241	122.376
860.2	122.468
860.089	122.746
859.964	123.126
859.801	124.11
859.799	124.31
859.807	124.51
859.825	124.709
859.891	125.104
859.989	125.491
860.254	126.246
860.691	127.364
860.812	127.745
860.908	128.133
860.972	128.528
860.986	129.326
859.907	133.895
859.842	134.289
859.802	134.687
859.795	134.887
859.797	135.087
859.811	135.287
859.839	135.485
859.859	135.583
859.883	135.68
859.912	135.775
859.945	135.87
859.983	135.962
860.026	136.052
860.074	136.14
860.127	136.225
860.184	136.307
860.245	136.386
860.31	136.463
860.378	136.535
860.524	136.672
860.68	136.798
860.844	136.912
861.371	137.197
861.741	137.348
863.586	137.79
864.38	137.888
865.977	137.986
872.274	137.865
873.87	137.981
874.265	138.045
874.657	138.125
875.428	138.339
875.805	138.472
876.174	138.625
876.535	138.798
876.886	138.99
877.225	139.202
877.55	139.435
878.623	140.478
878.863	140.798
879.082	141.133
879.28	141.48
879.457	141.839
879.616	142.206
879.756	142.581
879.878	142.962
879.982	143.348
880.069	143.738
880.138	144.132
880.189	144.529
880.22	144.928
880.231	145.327
880.22	145.727
880.185	146.126
880.122	146.521
879.571	147.906
879.337	148.23
878.496	149.083
871.652	154.453
870.313	155.328
869.612	155.713
868.885	156.048
868.132	156.319
867.36	156.526
866.574	156.676
861.093	157.118
858.716	157.445
857.917	157.456
857.221	157.38
856.83	157.296
856.448	157.18
856.076	157.033
855.716	156.858
855.368	156.661
855.03	156.447
851.196	153.562
850.025	153.008
849.831	152.959
849.634	152.924
849.435	152.903
849.235	152.898
849.036	152.908
848.837	152.933
848.641	152.973
848.449	153.026
848.26	153.092
848.075	153.169
847.895	153.256
847.72	153.353
847.549	153.457
847.221	153.685
846.908	153.935
846.323	154.48
845.778	155.066
842.797	158.698
842.232	159.264
841.623	159.783
841.301	160.021
840.967	160.239
840.619	160.437
840.259	160.612
839.888	160.761
839.507	160.883
839.118	160.976
838.724	161.042
833.249	160.677
832.449	160.645
832.05	160.664
831.851	160.687
831.654	160.722
831.557	160.746
831.461	160.773
831.366	160.805
831.274	160.843
831.184	160.886
831.097	160.935
831.013	160.99
830.936	161.053
830.863	161.122
830.797	161.197
830.736	161.276
830.682	161.36
830.634	161.448
830.592	161.539
830.556	161.632
830.525	161.727
830.477	161.921
830.444	162.118
830.419	162.517
830.426	162.817
830.596	164.003
831.029	165.544
831.589	167.042
834.386	172.685
835.058	174.137
835.636	175.629
836.866	180.161
836.993	180.951
837.083	181.746
837.132	182.544
837.144	183.344
837.028	189.64
837.186	191.232
837.326	192.02
837.52	192.796
837.643	193.177
837.787	193.55
837.956	193.912
838.152	194.261
838.317	194.511
838.375	194.593
838.559	194.83
839.104	195.415
840.95	196.947
841.541	197.487
841.814	197.779
842.068	198.088
842.3	198.413
842.513	198.752
842.894	199.455
843.827	201.558
843.873	201.646
847.044	206.974
847.099	207.057
848.417	208.941
848.818	209.633
848.996	209.992
849.153	210.359
849.286	210.737
849.394	211.122
849.476	211.513
849.53	211.91
849.558	212.309
849.561	212.708
849.508	213.506
848.629	217.301
848.098	218.811
847.782	219.546
847.425	220.261
847.017	220.95
846.552	221.6
845.802	222.403
845.495	222.66
845.17	222.892
844.827	223.098
844.469	223.277
844.1	223.431
843.339	223.676
842.56	223.858
839.405	224.391
839.018	224.494
838.734	224.59
838.641	224.625
838.281	224.8
838.196	224.853
838.114	224.91
838.035	224.971
837.96	225.036
837.889	225.107
837.823	225.182
837.761	225.26
837.703	225.342
837.651	225.427
837.603	225.515
837.56	225.605
837.486	225.791
837.427	225.982
837.345	226.373
837.299	226.771
837.275	227.17
837.234	229.569
837.199	229.968
837.143	230.364
837.064	230.756
836.955	231.141
836.817	231.516
836.65	231.879
835.29	233.723
834.105	234.798
832.831	235.765
827.507	239.134
821.947	242.096
813.293	246.009
811.913	246.818
810.591	247.72
809.336	248.712
806.008	252.026
803.981	254.502
802.186	257.029
801.336	258.385
800.561	259.784
800.213	260.505
799.906	261.243
799.662	262.005
799.575	262.395
799.517	262.791
799.667	264.272
799.809	264.646
799.983	265.006
800.393	265.692
802.212	268.325
805.325	273.802
812.334	287.96
813.461	290.955
814.063	293.987
814.063	294.387
814.031	294.785
814.002	294.983
813.962	295.179
813.911	295.372
813.848	295.562
813.774	295.748
813.689	295.929
813.593	296.105
813.487	296.274
813.372	296.438
813.248	296.595
813.117	296.745
812.978	296.89
812.683	297.16
812.37	297.408
812.042	297.638
809.663	299.11
809.368	299.38
809.302	299.454
809.239	299.532
809.181	299.614
809.128	299.699
809.082	299.787
809.042	299.879
809.009	299.973
808.984	300.07
808.966	300.168
808.956	300.267
808.952	300.367
808.954	300.467
808.962	300.567
808.975	300.666
808.992	300.765
809.038	300.959
809.096	301.151
809.241	301.523
809.413	301.884
809.812	302.578
813.024	307.04
813.427	307.731
813.778	308.45
814.664	310.68
815.002	311.405
815.393	312.103
815.834	312.77
818.715	316.481
818.923	316.822
819.11	317.176
819.269	317.543
819.333	317.732
819.385	317.926
819.405	318.023
819.421	318.122
819.432	318.222
819.438	318.321
819.438	318.421
819.432	318.521
819.42	318.62
819.401	318.718
819.374	318.815
819.341	318.909
819.301	319.001
819.254	319.089
819.201	319.174
819.142	319.254
819.078	319.331
819.009	319.404
818.937	319.472
818.86	319.537
818.781	319.598
818.699	319.654
818.528	319.759
818.35	319.85
818.075	319.969
817.982	320.005
815.339	320.525
809.041	320.689
771.102	318.563
752.415	315.176
746.145	314.57
722.46	314
720.873	314.21
720.09	314.371
716.413	315.654
714.97	316.345
712.169	317.892
706.902	321.346
701.928	325.21
699.551	327.352
695.335	332.027
693.483	334.636
686.901	345.38
685.39	348.2
664.081	400.739
659.278	415.783
658.573	417.219
657.782	418.61
655.065	424.294
649.369	439.03
647.968	441.908
647.159	443.288
646.308	444.522
645.808	445.147
645.268	445.737
644.373	446.536
644.052	446.774
643.72	446.997
643.378	447.205
643.027	447.397
642.667	447.571
642.3	447.729
641.925	447.87
637.689	448.196
637.301	448.098
636.923	447.97
636.738	447.893
636.557	447.807
636.209	447.61
635.878	447.386
635.245	446.898
632.521	445.416
632.428	445.382
630.979	444.997
629.403	444.72
623.122	444.276
619.925	444.391
617.001	445.001
616.825	445.095
616.74	445.149
616.659	445.207
616.582	445.271
616.51	445.339
616.444	445.415
616.385	445.496
616.335	445.582
616.295	445.673
616.264	445.769
616.243	445.866
616.232	445.966
616.231	446.066
616.236	446.165
616.248	446.265
616.266	446.363
616.316	446.557
616.379	446.746
617.277	448.532
617.62	449.255
617.764	449.628
617.881	450.01
617.927	450.205
617.963	450.401
617.988	450.6
618	450.799
617.999	450.999
617.985	451.199
617.957	451.397
617.917	451.593
617.519	452.615
617.472	452.703
616.854	453.612
616.325	454.212
615.748	454.766
615.133	455.277
614.485	455.746
613.807	456.172
613.103	456.55
611.992	457.001
610.119	457.195
609.922	457.158
609.728	457.109
609.538	457.049
609.352	456.976
609.17	456.893
608.993	456.799
608.655	456.586
608.336	456.345
608.034	456.083
605.326	453.141
604.235	452.111
602.968	451.135
602.296	450.702
601.601	450.305
600.155	449.62
598.66	449.049
592.573	447.444
587.123	446.78
586.725	446.814
586.33	446.878
586.135	446.923
585.943	446.98
585.755	447.048
585.572	447.128
585.395	447.22
585.225	447.325
585.063	447.443
584.911	447.573
584.768	447.713
584.636	447.863
584.514	448.022
584.402	448.187
584.299	448.359
584.205	448.535
584.041	448.9
583.785	449.658
582.791	455.065
582.703	455.455
582.599	455.841
582.473	456.221
582.397	456.406
582.311	456.586
582.262	456.674
582.209	456.758
582.15	456.839
582.086	456.916
582.015	456.986
581.937	457.048
581.851	457.099
581.758	457.137
581.662	457.162
581.562	457.173
581.462	457.172
581.363	457.16
581.265	457.14
581.169	457.113
581.075	457.08
580.983	457.041
580.803	456.953
577.346	454.084
576.103	453.077
574.782	452.175
573.392	451.382
572.042	450.729
570.562	450.12
562.912	448.219
561.319	448.071
558.12	448.01
555.025	448.195
553.44	448.406
551.874	448.736
551.107	448.964
550.36	449.25
549.639	449.596
549.031	449.944
548.947	449.997
546.393	451.754
545.005	452.551
540.77	454.587
539.373	455.368
532.795	459.741
529.99	461.28
525.666	463.113
524.135	463.577
521.13	464.339
521.035	464.369
493.557	476.151
492.791	476.38
492.013	476.568
490.433	476.817
480.308	477.909
479.548	478.158
478.814	478.477
478.461	478.665
478.119	478.872
477.789	479.098
477.471	479.341
477.166	479.599
476.872	479.871
475.785	481.045
472.768	484.648
472.203	485.214
471.605	485.745
471.29	485.991
470.963	486.222
470.624	486.434
470.271	486.622
469.715	486.846
469.523	486.903
469.328	486.949
469.131	486.983
468.933	487.005
468.733	487.015
467.645	486.877
467.262	486.764
467.167	486.731
466.517	486.471
465.8	486.118
463.032	484.512
462.321	484.146
461.583	483.837
456.947	483.168
456.551	483.112
456.158	483.037
455.77	482.939
455.389	482.819
451.651	481.775
451.252	481.78
450.853	481.817
450.459	481.884
450.071	481.98
449.69	482.102
449.316	482.245
447.874	482.938
443.877	484.987
443.682	485.034
443.584	485.052
443.485	485.063
443.385	485.069
443.285	485.067
443.186	485.056
443.089	485.033
442.995	484.997
442.909	484.948
442.83	484.886
442.762	484.813
442.702	484.733
442.652	484.647
442.609	484.556
442.573	484.463
442.542	484.368
442.516	484.271
442.477	484.075
442.451	483.877
442.425	483.478
442.425	483.078
442.442	482.678
443.053	476.408
442.923	474.012
442.911	473.212
442.954	472.413
443.057	471.62
445.845	460.159
445.963	459.776
446.099	459.4
446.26	459.034
446.451	458.683
446.559	458.515
446.677	458.353
446.805	458.199
446.943	458.055
447.091	457.92
447.247	457.795
447.411	457.681
447.582	457.576
447.937	457.392
448.305	457.237
449.065	456.987
452.849	456.046
453.609	455.796
454.357	455.511
455.089	455.188
455.803	454.827
456.494	454.425
457.157	453.978
458.281	452.988
458.542	452.685
458.779	452.363
459.079	451.843
459.161	451.661
459.233	451.475
459.296	451.285
459.35	451.092
459.396	450.898
459.46	450.503
459.495	450.104
459.503	449.704
459.489	449.305
458.928	445.447
458.917	445.347
458.807	443.851
458.811	442.252
458.926	440.656
459.359	436.781
459.359	435.981
459.287	435.185
459.217	434.791
459.124	434.402
459.006	434.019
458.864	433.646
458.7	433.281
458.518	432.925
458.112	432.235
457.667	431.57
453.986	426.46
450.347	421.343
448.515	419.793
447.944	419.232
447.429	418.621
446.977	417.961
444.797	413.799
444.582	413.461
444.351	413.135
444.1	412.824
443.823	412.535
443.673	412.402
443.515	412.28
443.348	412.17
443.172	412.074
443.081	412.033
442.988	411.996
442.894	411.964
442.797	411.938
442.7	411.916
442.601	411.899
442.502	411.886
442.402	411.878
442.202	411.872
442.003	411.881
441.606	411.932
441.215	412.017
438.653	412.864
438.265	412.962
437.871	413.031
437.672	413.05
437.472	413.055
437.372	413.053
437.272	413.045
437.173	413.033
437.075	413.016
436.977	412.994
436.881	412.967
436.786	412.934
436.694	412.897
436.514	412.809
436.343	412.706
436.179	412.59
436.024	412.464
435.875	412.33
435.733	412.19
435.463	411.895
432.42	408.326
432.106	408.078
431.779	407.848
431.44	407.636
430.736	407.256
430.008	406.924
426.297	405.444
426.217	405.385
426.142	405.319
426.075	405.245
426.025	405.159
425.999	405.062
426.007	404.963
426.042	404.87
426.095	404.785
426.157	404.706
426.225	404.634
426.297	404.564
427.915	403.39
428.229	403.142
428.526	402.875
428.666	402.732
428.797	402.58
428.858	402.501
428.916	402.42
428.97	402.336
429.019	402.249
429.064	402.159
429.103	402.067
429.135	401.972
429.159	401.875
429.176	401.777
429.184	401.677
429.183	401.577
429.173	401.478
429.154	401.38
429.128	401.283
429.093	401.19
429.052	401.098
429.005	401.01
428.953	400.925
428.897	400.843
428.836	400.763
428.707	400.61
426.361	398.923
414.132	393.206
413.38	392.934
412.994	392.831
412.699	392.774
412.601	392.759
412.102	392.735
411.902	392.749
411.705	392.777
411.509	392.82
411.317	392.876
411.13	392.945
410.425	393.321
410.099	393.553
409.789	393.806
409.495	394.076
409.214	394.362
408.948	394.66
408.696	394.971
408.459	395.292
408.235	395.624
407.014	398.872
406.985	399.271
406.984	399.671
407.011	400.07
407.064	400.466
407.14	400.859
407.239	401.246
407.357	401.628
407.648	402.374
407.998	403.093
408.395	403.787
409.79	405.738
411.859	408.046
418.731	414.605
420.836	417.015
422.732	419.467
424.819	421.893
429.313	426.308
431.466	428.676
433.852	432.711
437.338	441.547
437.784	443.083
438.13	444.645
438.539	448.518
438.519	449.318
438.45	450.115
438.319	450.904
438.227	451.293
438.114	451.677
437.978	452.053
437.819	452.42
437.635	452.775
437.428	453.117
435.874	454.8
435.231	455.276
434.558	455.708
433.862	456.102
433.15	456.467
428.797	458.233
427.26	458.677
426.48	458.854
425.692	458.993
424.897	459.083
424.098	459.109
423.698	459.092
423.301	459.05
422.907	458.979
422.521	458.876
421.524	458.418
421.439	458.364
421.192	458.194
420.879	457.946
420.584	457.676
420.305	457.389
420.043	457.087
419.556	456.453
414.987	449.051
414.265	447.623
413.956	446.885
413.696	446.128
413.491	445.355
413.339	444.57
411.489	431.307
411.286	430.534
410.882	429.404
410.711	429.043
410.516	428.694
409.835	427.834
409.532	427.573
409.209	427.338
408.52	426.932
406.364	425.877
405.673	425.475
405.019	425.014
404.415	424.49
403.857	423.916
401.365	419.955
401.073	419.21
400.83	418.448
400.639	417.672
400.221	414.601
400.202	414.503
394.072	390.062
391.524	382.585
391.203	381.853
390.835	381.142
390.627	380.801
388.597	379.097
387.834	378.857
385.482	378.38
382.522	377.458
382.428	377.425
379.532	376.32
378.763	376.099
377.979	375.94
377.582	375.891
377.183	375.869
376.783	375.877
376.386	375.92
376.189	375.956
375.994	376.002
374.9	376.484
374.651	376.651
374.571	376.71
374.337	376.898
374.262	376.964
374.044	377.17
373.773	377.464
373.526	377.778
373.303	378.111
373.108	378.46
372.941	378.823
372.804	379.199
372.702	379.586
372.664	379.782
372.636	379.98
372.618	380.179
372.61	380.379
372.613	380.579
372.627	380.778
372.653	380.977
372.691	381.173
372.741	381.367
372.802	381.557
372.876	381.743
372.961	381.924
373.057	382.099
373.164	382.269
373.403	382.589
373.67	382.886
373.959	383.163
374.498	383.609
374.578	383.669
379.305	386.474
379.633	386.703
379.946	386.953
380.093	387.088
380.231	387.233
380.359	387.386
380.474	387.549
380.526	387.635
380.575	387.723
380.618	387.812
380.657	387.904
380.692	387.998
380.721	388.094
380.746	388.191
380.766	388.289
380.781	388.388
380.791	388.487
380.797	388.587
380.791	388.887
380.782	388.986
380.718	389.381
380.171	391.304
379.984	392.082
379.915	392.476
379.862	392.872
379.804	393.67
379.805	394.47
379.862	395.268
379.975	396.06
380.122	396.744
380.147	396.841
380.346	397.512
380.633	398.259
380.987	398.976
381.191	399.32
381.411	399.654
381.893	400.292
382.422	400.892
383.578	401.998
387.158	405.042
387.715	405.616
388.237	406.223
388.72	406.86
389.165	407.525
389.955	408.916
391.163	411.768
391.384	412.536
391.546	413.32
391.596	413.717
391.62	414.116
391.619	414.316
391.61	414.516
391.59	414.715
391.557	414.912
391.511	415.107
391.451	415.297
391.414	415.39
391.373	415.481
391.327	415.57
391.277	415.657
391.222	415.74
391.162	415.82
391.098	415.897
391.03	415.97
390.957	416.039
390.881	416.103
390.801	416.163
390.718	416.219
390.545	416.319
390.364	416.405
390.178	416.477
389.987	416.537
388.505	416.743
387.706	416.736
386.112	416.59
384.534	416.328
379.983	415.165
378.481	414.613
366.752	409.751
354.495	406.852
352.974	406.355
351.482	405.777
347.337	403.576
346.035	402.645
341.369	398.418
340.27	397.254
339.247	396.025
338.779	395.376
338.355	394.698
337.649	392.941
337.574	392.548
337.524	392.151
337.501	391.752
337.52	390.953
337.607	390.157
339.03	380.767
339.301	377.579
339.219	375.282
339.101	374.491
338.928	373.71
338.702	372.942
338.433	372.189
338.131	371.448
332.953	359.964
330.788	354.048
330.763	353.951
330.093	350.925
329.875	350.155
329.621	349.397
329.321	348.655
328.965	347.938
328.133	346.692
327.616	346.082
327.061	345.506
325.865	344.443
313.458	334.69
309.223	332.653
309.137	332.603
299.241	324.804
273.155	307.177
270.328	305.678
232.294	290.391
208.279	282.442
196.701	277.473
179.714	269.205
179.621	269.172
177.369	268.709
176.591	268.52
176.212	268.395
175.839	268.249
175.113	267.913
174.408	267.534
173.72	267.127
143.338	244.478
68.5528	176.906
49.0532	160.943
45.5754	157.782
44.3099	156.803
42.9445	155.971
42.2297	155.611
35.6915	152.847
34.297	152.063
31.5997	150.342
20.04	145.357
19.3388	144.972
18.6679	144.536
18.3484	144.296
18.0426	144.038
17.7528	143.762
17.4795	143.47
14.6595	139.713
14.12	139.123
13.548	138.563
9.43853	134.91
8.89996	134.319
8.64765	134.008
8.41087	133.686
8.19332	133.35
