1	0
0.999	0
0.998	0
0.997	0
0.996	0
0.995	0
0.994	0
0.993	0
0.992	0
0.991	0
0.99	0
0.989	0
0.988	0
0.987	0
0.986	0
0.985	0
0.984	0
0.983	0
0.982	0
0.981	0
0.98	0
0.979	0
0.978	0
0.977	0
0.976	0
0.975	0
0.974	0
0.973	0
0.972	0
0.971	0
0.97	0
0.969	0
0.968	0
0.967	0
0.966	0
0.965	0
0.964	0
0.963	0
0.962	0
0.961	0
0.96	0
0.959	0
0.958	0
0.957	0
0.956	0
0.955	0
0.954	0
0.953	0
0.952	0
0.951	0
0.95	0
0.949	0
0.948	0
0.947	0
0.946	0
0.945	0
0.944	0
0.943	0
0.942	0
0.941	0
0.94	0
0.939	0
0.938	0
0.937	0
0.936	0
0.935	0
0.934	0
0.933	0
0.932	0
0.931	0
0.93	0
0.929	0
0.928	0
0.927	0
0.926	0
0.925	0
0.924	0
0.923	0
0.922	0
0.921	0
0.92	0
0.919	0
0.918	0
0.917	0
0.916	0
0.915	0
0.914	0
0.913	0
0.912	0
0.911	0
0.91	0
0.909	0
0.908	0
0.907	0
0.906	0
0.905	0
0.904	0
0.903	0
0.902	0
0.901	0
0.9	0
0.899	0
0.898	0
0.897	0
0.896	0
0.895	0
0.894	0
0.893	0
0.892	0
0.891	0
0.89	0
0.889	0
0.888	0
0.887	0
0.886	0
0.885	0
0.884	0
0.883	0
0.882	0
0.881	0
0.88	0
0.879	0
0.878	0
0.877	0
0.876	0
0.875	0
0.874	0
0.873	0
0.872	0
0.871	0
0.87	0
0.869	0
0.868	0
0.867	0
0.866	0
0.865	0
0.864	0
0.863	0
0.862	0
0.861	0
0.86	0
0.859	0
0.858	0
0.857	0
0.856	0
0.855	0
0.854	0
0.853	0
0.852	0
0.851	0
0.85	0
0.849	0
0.848	0
0.847	0
0.846	0
0.845	0
0.844	0
0.843	0
0.842	0
0.841	0
0.84	0
0.839	0
0.838	0
0.837	0
0.836	0
0.835	0
0.834	0
0.833	0
0.832	0
0.831	0
0.83	0
0.829	0
0.828	0
0.827	0
0.826	0
0.825	0
0.824	0
0.823	0
0.822	0
0.821	0
0.82	0
0.819	0
0.818	0
0.817	0
0.816	0
0.815	0
0.814	0
0.813	0
0.812	0
0.811	0
0.81	0
0.809	0
0.808	0
0.807	0
0.806	0
0.805	0
0.804	0
0.803	0
0.802	0
0.801	0
0.8	0
0.799	0
0.798	0
0.797	0
0.796	0
0.795	0
0.794	0
0.793	0
0.792	0
0.791	0
0.79	0
0.789	0
0.788	0
0.787	0
0.786	0
0.785	0
0.784	0
0.783	0
0.782	0
0.781	0
0.78	0
0.779	0
0.778	0
0.777	0
0.776	0
0.775	0
0.774	0
0.773	0
0.772	0
0.771	0
0.77	0
0.769	0
0.768	0
0.767	0
0.766	0
0.765	0
0.764	0
0.763	0
0.762	0
0.761	0
0.76	0
0.759	0
0.758	0
0.757	0
0.756	0
0.755	0
0.754	0
0.753	0
0.752	0
0.751	0
0.75	0
0.749	0
0.748	0
0.747	0
0.746	0
0.745	0
0.744	0
0.743	0
0.742	0
0.741	0
0.74	0
0.739	0
0.738	0
0.737	0
0.736	0
0.735	0
0.734	0
0.733	0
0.732	0
0.731	0
0.73	0
0.729	0
0.728	0
0.727	0
0.726	0
0.725	0
0.724	0
0.723	0
0.722	0
0.721	0
0.72	0
0.719	0
0.718	0
0.717	0
0.716	0
0.715	0
0.714	0
0.713	0
0.712	0
0.711	0
0.71	0
0.709	0
0.708	0
0.707	0
0.706	0
0.705	0
0.704	0
0.703	0
0.702	0
0.701	0
0.7	0
0.699	0
0.698	0
0.697	0
0.696	0
0.695	0
0.694	0
0.693	0
0.692	0
0.691	0
0.69	0
0.689	0
0.688	0
0.687	0
0.686	0
0.685	0
0.684	0
0.683	0
0.682	0
0.681	0
0.68	0
0.679	0
0.678	0
0.677	0
0.676	0
0.675	0
0.674	0
0.673	0
0.672	0
0.671	0
0.67	0
0.669	0
0.668	0
0.667	0
0.666	0
0.665	0
0.664	0
0.663	0
0.662	0
0.661	0
0.66	0
0.659	0
0.658	0
0.657	0
0.656	0
0.655	0
0.654	0
0.653	0
0.652	0
0.651	0
0.65	0
0.649	0
0.648	0
0.647	0
0.646	0
0.645	0
0.644	0
0.643	0
0.642	0
0.641	0
0.64	0
0.639	0
0.638	0
0.637	0
0.636	0
0.635	0
0.634	0
0.633	0
0.632	0
0.631	0
0.63	0
0.629	0
0.628	0
0.627	0
0.626	0
0.625	0
0.624	0
0.623	0
0.622	0
0.621	0
0.62	0
0.619	0
0.618	0
0.617	0
0.616	0
0.615	0
0.614	0
0.613	0
0.612	0
0.611	0
0.61	0
0.609	0
0.608	0
0.607	0
0.606	0
0.605	0
0.604	0
0.603	0
0.602	0
0.601	0
0.6	0
0.599	0
0.598	0
0.597	0
0.596	0
0.595	0
0.594	0
0.593	0
0.592	0
0.591	0
0.59	0
0.589	0
0.588	0
0.587	0
0.586	0
0.585	0
0.584	0
0.583	0
0.582	0
0.581	0
0.58	0
0.579	0
0.578	0
0.577	0
0.576	0
0.575	0
0.574	0
0.573	0
0.572	0
0.571	0
0.57	0
0.569	0
0.568	0
0.567	0
0.566	0
0.565	0
0.564	0
0.563	0
0.562	0
0.561	0
0.56	0
0.559	0
0.558	0
0.557	0
0.556	0
0.555	0
0.554	0
0.553	0
0.552	0
0.551	0
0.55	0
0.549	0
0.548	0
0.547	0
0.546	0
0.545	0
0.544	0
0.543	0
0.542	0
0.541	0
0.54	0
0.539	0
0.538	0
0.537	0
0.536	0
0.535	0
0.534	0
0.533	0
0.532	0
0.531	0
0.53	0
0.529	0
0.528	0
0.527	0
0.526	0
0.525	0
0.524	0
0.523	0
0.522	0
0.521	0
0.52	0
0.519	0
0.518	0
0.517	0
0.516	0
0.515	0
0.514	0
0.513	0
0.512	0
0.511	0
0.51	0
0.509	0
0.508	0
0.507	0
0.506	0
0.505	0
0.504	0
0.503	0
0.502	0
0.501	0
0.5	0
0.499	0
0.498	0
0.497	0
0.496	0
0.495	0
0.494	0
0.493	0
0.492	0
0.491	0
0.49	0
0.489	0
0.488	0
0.487	0
0.486	0
0.485	0
0.484	0
0.483	0
0.482	0
0.481	0
0.48	0
0.479	0
0.478	0
0.477	0
0.476	0
0.475	0
0.474	0
0.473	0
0.472	0
0.471	0
0.47	0
0.469	0
0.468	0
0.467	0
0.466	0
0.465	0
0.464	0
0.463	0
0.462	0
0.461	0
0.46	0
0.459	0
0.458	0
0.457	0
0.456	0
0.455	0
0.454	0
0.453	0
0.452	0
0.451	0
0.45	0
0.449	0
0.448	0
0.447	0
0.446	0
0.445	0
0.444	0
0.443	0
0.442	0
0.441	0
0.44	0
0.439	0
0.438	0
0.437	0
0.436	0
0.435	0
0.434	0
0.433	0
0.432	0
0.431	0
0.43	0
0.429	0
0.428	0
0.427	0
0.426	0
0.425	0
0.424	0
0.423	0
0.422	0
0.421	0
0.42	0
0.419	0
0.418	0
0.417	0
0.416	0
0.415	0
0.414	0
0.413	0
0.412	0
0.411	0
0.41	0
0.409	0
0.408	0
0.407	0
0.406	0
0.405	0
0.404	0
0.403	0
0.402	0
0.401	0
0.4	0
0.399	0
0.398	0
0.397	0
0.396	0
0.395	0
0.394	0
0.393	0
0.392	0
0.391	0
0.39	0
0.389	0
0.388	0
0.387	0
0.386	0
0.385	0
0.384	0
0.383	0
0.382	0
0.381	0
0.38	0
0.379	0
0.378	0
0.377	0
0.376	0
0.375	0
0.374	0
0.373	0
0.372	0
0.371	0
0.37	0
0.369	0
0.368	0
0.367	0
0.366	0
0.365	0
0.364	0
0.363	0
0.362	0
0.361	0
0.36	0
0.359	0
0.358	0
0.357	0
0.356	0
0.355	0
0.354	0
0.353	0
0.352	0
0.351	0
0.35	0
0.349	0
0.348	0
0.347	0
0.346	0
0.345	0
0.344	0
0.343	0
0.342	0
0.341	0
0.34	0
0.339	0
0.338	0
0.337	0
0.336	0
0.335	0
0.334	0
0.333	0
0.332	0
0.331	0
0.33	0
0.329	0
0.328	0
0.327	0
0.326	0
0.325	0
0.324	0
0.323	0
0.322	0
0.321	0
0.32	0
0.319	0
0.318	0
0.317	0
0.316	0
0.315	0
0.314	0
0.313	0
0.312	0
0.311	0
0.31	0
0.309	0
0.308	0
0.307	0
0.306	0
0.305	0
0.304	0
0.303	0
0.302	0
0.301	0
0.3	0
0.299	0
0.298	0
0.297	0
0.296	0
0.295	0
0.294	0
0.293	0
0.292	0
0.291	0
0.29	0
0.289	0
0.288	0
0.287	0
0.286	0
0.285	0
0.284	0
0.283	0
0.282	0
0.281	0
0.28	0
0.279	0
0.278	0
0.277	0
0.276	0
0.275	0
0.274	0
0.273	0
0.272	0
0.271	0
0.27	0
0.269	0
0.268	0
0.267	0
0.266	0
0.265	0
0.264	0
0.263	0
0.262	0
0.261	0
0.26	0
0.259	0
0.258	0
0.257	0
0.256	0
0.255	0
0.254	0
0.253	0
0.252	0
0.251	0
0.25	0
0.249	0
0.248	0
0.247	0
0.246	0
0.245	0
0.244	0
0.243	0
0.242	0
0.241	0
0.24	0
0.239	0
0.238	0
0.237	0
0.236	0
0.235	0
0.234	0
0.233	0
0.232	0
0.231	0
0.23	0
0.229	0
0.228	0
0.227	0
0.226	0
0.225	0
0.224	0
0.223	0
0.222	0
0.221	0
0.22	0
0.219	0
0.218	0
0.217	0
0.216	0
0.215	0
0.214	0
0.213	0
0.212	0
0.211	0
0.21	0
0.209	0
0.208	0
0.207	0
0.206	0
0.205	0
0.204	0
0.203	0
0.202	0
0.201	0
0.2	0
0.199	0
0.198	0
0.197	0
0.196	0
0.195	0
0.194	0
0.193	0
0.192	0
0.191	0
0.19	0
0.189	0
0.188	0
0.187	0
0.186	0
0.185	0
0.184	0
0.183	0
0.182	0
0.181	0
0.18	0
0.179	0
0.178	0
0.177	0
0.176	0
0.175	0
0.174	0
0.173	0
0.172	0
0.171	0
0.17	0
0.169	0
0.168	0
0.167	0
0.166	0
0.165	0
0.164	0
0.163	0
0.162	0
0.161	0
0.16	0
0.159	0
0.158	0
0.157	0
0.156	0
0.155	0
0.154	0
0.153	0
0.152	0
0.151	0
0.15	0
0.149	0
0.148	0
0.147	0
0.146	0
0.145	0
0.144	0
0.143	0
0.142	0
0.141	0
0.14	0
0.139	0
0.138	0
0.137	0
0.136	0
0.135	0
0.134	0
0.133	0
0.132	0
0.131	0
0.13	0
0.129	0
0.128	0
0.127	0
0.126	0
0.125	0
0.124	0
0.123	0
0.122	0
0.121	0
0.12	0
0.119	0
0.118	0
0.117	0
0.116	0
0.115	0
0.114	0
0.113	0
0.112	0
0.111	0
0.11	0
0.109	0
0.108	0
0.107	0
0.106	0
0.105	0
0.104	0
0.103	0
0.102	0
0.101	0
0.1	0
0.099	0
0.098	0
0.097	0
0.096	0
0.095	0
0.094	0
0.093	0
0.092	0
0.091	0
0.09	0
0.089	0
0.088	0
0.087	0
0.086	0
0.085	0
0.084	0
0.083	0
0.082	0
0.081	0
0.08	0
0.079	0
0.078	0
0.077	0
0.076	0
0.075	0
0.074	0
0.073	0
0.072	0
0.071	0
0.07	0
0.069	0
0.068	0
0.067	0
0.066	0
0.065	0
0.064	0
0.063	0
0.062	0
0.061	0
0.06	0
0.059	0
0.058	0
0.057	0
0.056	0
0.055	0
0.054	0
0.053	0
0.052	0
0.051	0
0.05	0
0.049	0
0.048	0
0.047	0
0.046	0
0.045	0
0.044	0
0.043	0
0.042	0
0.041	0
0.04	0
0.039	0
0.038	0
0.037	0
0.036	0
0.035	0
0.034	0
0.033	0
0.032	0
0.031	0
0.03	0
0.029	0
0.028	0
0.027	0
0.026	0
0.025	0
0.024	0
0.023	0
0.022	0
0.021	0
0.02	0
0.019	0
0.018	0
0.017	0
0.016	0
0.015	0
0.014	0
0.013	0
0.012	0
0.011	0
0.01	0
0.009	0
0.008	0
0.007	0
0.006	0
0.005	0
0.004	0
0.003	0
0.002	0
0.001	0
0	0
-0.0005	0.000866025
-0.001	0.00173205
-0.0015	0.00259808
-0.002	0.0034641
-0.0025	0.00433013
-0.003	0.00519615
-0.0035	0.00606218
-0.004	0.0069282
-0.0045	0.00779423
-0.005	0.00866025
-0.0055	0.00952628
-0.006	0.0103923
-0.0065	0.0112583
-0.007	0.0121244
-0.0075	0.0129904
-0.008	0.0138564
-0.0085	0.0147224
-0.009	0.0155885
-0.0095	0.0164545
-0.01	0.0173205
-0.0105	0.0181865
-0.011	0.0190526
-0.0115	0.0199186
-0.012	0.0207846
-0.0125	0.0216506
-0.013	0.0225167
-0.0135	0.0233827
-0.014	0.0242487
-0.0145	0.0251147
-0.015	0.0259808
-0.0155	0.0268468
-0.016	0.0277128
-0.0165	0.0285788
-0.017	0.0294449
-0.0175	0.0303109
-0.018	0.0311769
-0.0185	0.0320429
-0.019	0.032909
-0.0195	0.033775
-0.02	0.034641
-0.0205	0.035507
-0.021	0.0363731
-0.0215	0.0372391
-0.022	0.0381051
-0.0225	0.0389711
-0.023	0.0398372
-0.0235	0.0407032
-0.024	0.0415692
-0.0245	0.0424352
-0.025	0.0433013
-0.0255	0.0441673
-0.026	0.0450333
-0.0265	0.0458993
-0.027	0.0467654
-0.0275	0.0476314
-0.028	0.0484974
-0.0285	0.0493634
-0.029	0.0502295
-0.0295	0.0510955
-0.03	0.0519615
-0.0305	0.0528275
-0.031	0.0536936
-0.0315	0.0545596
-0.032	0.0554256
-0.0325	0.0562917
-0.033	0.0571577
-0.0335	0.0580237
-0.034	0.0588897
-0.0345	0.0597558
-0.035	0.0606218
-0.0355	0.0614878
-0.036	0.0623538
-0.0365	0.0632199
-0.037	0.0640859
-0.0375	0.0649519
-0.038	0.0658179
-0.0385	0.066684
-0.039	0.06755
-0.0395	0.068416
-0.04	0.069282
-0.0405	0.0701481
-0.041	0.0710141
-0.0415	0.0718801
-0.042	0.0727461
-0.0425	0.0736122
-0.043	0.0744782
-0.0435	0.0753442
-0.044	0.0762102
-0.0445	0.0770763
-0.045	0.0779423
-0.0455	0.0788083
-0.046	0.0796743
-0.0465	0.0805404
-0.047	0.0814064
-0.0475	0.0822724
-0.048	0.0831384
-0.0485	0.0840045
-0.049	0.0848705
-0.0495	0.0857365
-0.05	0.0866025
-0.0505	0.0874686
-0.051	0.0883346
-0.0515	0.0892006
-0.052	0.0900666
-0.0525	0.0909327
-0.053	0.0917987
-0.0535	0.0926647
-0.054	0.0935307
-0.0545	0.0943968
-0.055	0.0952628
-0.0555	0.0961288
-0.056	0.0969948
-0.0565	0.0978609
-0.057	0.0987269
-0.0575	0.0995929
-0.058	0.100459
-0.0585	0.101325
-0.059	0.102191
-0.0595	0.103057
-0.06	0.103923
-0.0605	0.104789
-0.061	0.105655
-0.0615	0.106521
-0.062	0.107387
-0.0625	0.108253
-0.063	0.109119
-0.0635	0.109985
-0.064	0.110851
-0.0645	0.111717
-0.065	0.112583
-0.0655	0.113449
-0.066	0.114315
-0.0665	0.115181
-0.067	0.116047
-0.0675	0.116913
-0.068	0.117779
-0.0685	0.118645
-0.069	0.119512
-0.0695	0.120378
-0.07	0.121244
-0.0705	0.12211
-0.071	0.122976
-0.0715	0.123842
-0.072	0.124708
-0.0725	0.125574
-0.073	0.12644
-0.0735	0.127306
-0.074	0.128172
-0.0745	0.129038
-0.075	0.129904
-0.0755	0.13077
-0.076	0.131636
-0.0765	0.132502
-0.077	0.133368
-0.0775	0.134234
-0.078	0.1351
-0.0785	0.135966
-0.079	0.136832
-0.0795	0.137698
-0.08	0.138564
-0.0805	0.13943
-0.081	0.140296
-0.0815	0.141162
-0.082	0.142028
-0.0825	0.142894
-0.083	0.14376
-0.0835	0.144626
-0.084	0.145492
-0.0845	0.146358
-0.085	0.147224
-0.0855	0.14809
-0.086	0.148956
-0.0865	0.149822
-0.087	0.150688
-0.0875	0.151554
-0.088	0.15242
-0.0885	0.153286
-0.089	0.154153
-0.0895	0.155019
-0.09	0.155885
-0.0905	0.156751
-0.091	0.157617
-0.0915	0.158483
-0.092	0.159349
-0.0925	0.160215
-0.093	0.161081
-0.0935	0.161947
-0.094	0.162813
-0.0945	0.163679
-0.095	0.164545
-0.0955	0.165411
-0.096	0.166277
-0.0965	0.167143
-0.097	0.168009
-0.0975	0.168875
-0.098	0.169741
-0.0985	0.170607
-0.099	0.171473
-0.0995	0.172339
-0.1	0.173205
-0.1005	0.174071
-0.101	0.174937
-0.1015	0.175803
-0.102	0.176669
-0.1025	0.177535
-0.103	0.178401
-0.1035	0.179267
-0.104	0.180133
-0.1045	0.180999
-0.105	0.181865
-0.1055	0.182731
-0.106	0.183597
-0.1065	0.184463
-0.107	0.185329
-0.1075	0.186195
-0.108	0.187061
-0.1085	0.187928
-0.109	0.188794
-0.1095	0.18966
-0.11	0.190526
-0.1105	0.191392
-0.111	0.192258
-0.1115	0.193124
-0.112	0.19399
-0.1125	0.194856
-0.113	0.195722
-0.1135	0.196588
-0.114	0.197454
-0.1145	0.19832
-0.115	0.199186
-0.1155	0.200052
-0.116	0.200918
-0.1165	0.201784
-0.117	0.20265
-0.1175	0.203516
-0.118	0.204382
-0.1185	0.205248
-0.119	0.206114
-0.1195	0.20698
-0.12	0.207846
-0.1205	0.208712
-0.121	0.209578
-0.1215	0.210444
-0.122	0.21131
-0.1225	0.212176
-0.123	0.213042
-0.1235	0.213908
-0.124	0.214774
-0.1245	0.21564
-0.125	0.216506
-0.1255	0.217372
-0.126	0.218238
-0.1265	0.219104
-0.127	0.21997
-0.1275	0.220836
-0.128	0.221703
-0.1285	0.222569
-0.129	0.223435
-0.1295	0.224301
-0.13	0.225167
-0.1305	0.226033
-0.131	0.226899
-0.1315	0.227765
-0.132	0.228631
-0.1325	0.229497
-0.133	0.230363
-0.1335	0.231229
-0.134	0.232095
-0.1345	0.232961
-0.135	0.233827
-0.1355	0.234693
-0.136	0.235559
-0.1365	0.236425
-0.137	0.237291
-0.1375	0.238157
-0.138	0.239023
-0.1385	0.239889
-0.139	0.240755
-0.1395	0.241621
-0.14	0.242487
-0.1405	0.243353
-0.141	0.244219
-0.1415	0.245085
-0.142	0.245951
-0.1425	0.246817
-0.143	0.247683
-0.1435	0.248549
-0.144	0.249415
-0.1445	0.250281
-0.145	0.251147
-0.1455	0.252013
-0.146	0.252879
-0.1465	0.253745
-0.147	0.254611
-0.1475	0.255477
-0.148	0.256344
-0.1485	0.25721
-0.149	0.258076
-0.1495	0.258942
-0.15	0.259808
-0.1505	0.260674
-0.151	0.26154
-0.1515	0.262406
-0.152	0.263272
-0.1525	0.264138
-0.153	0.265004
-0.1535	0.26587
-0.154	0.266736
-0.1545	0.267602
-0.155	0.268468
-0.1555	0.269334
-0.156	0.2702
-0.1565	0.271066
-0.157	0.271932
-0.1575	0.272798
-0.158	0.273664
-0.1585	0.27453
-0.159	0.275396
-0.1595	0.276262
-0.16	0.277128
-0.1605	0.277994
-0.161	0.27886
-0.1615	0.279726
-0.162	0.280592
-0.1625	0.281458
-0.163	0.282324
-0.1635	0.28319
-0.164	0.284056
-0.1645	0.284922
-0.165	0.285788
-0.1655	0.286654
-0.166	0.28752
-0.1665	0.288386
-0.167	0.289252
-0.1675	0.290119
-0.168	0.290985
-0.1685	0.291851
-0.169	0.292717
-0.1695	0.293583
-0.17	0.294449
-0.1705	0.295315
-0.171	0.296181
-0.1715	0.297047
-0.172	0.297913
-0.1725	0.298779
-0.173	0.299645
-0.1735	0.300511
-0.174	0.301377
-0.1745	0.302243
-0.175	0.303109
-0.1755	0.303975
-0.176	0.304841
-0.1765	0.305707
-0.177	0.306573
-0.1775	0.307439
-0.178	0.308305
-0.1785	0.309171
-0.179	0.310037
-0.1795	0.310903
-0.18	0.311769
-0.1805	0.312635
-0.181	0.313501
-0.1815	0.314367
-0.182	0.315233
-0.1825	0.316099
-0.183	0.316965
-0.1835	0.317831
-0.184	0.318697
-0.1845	0.319563
-0.185	0.320429
-0.1855	0.321295
-0.186	0.322161
-0.1865	0.323027
-0.187	0.323894
-0.1875	0.32476
-0.188	0.325626
-0.1885	0.326492
-0.189	0.327358
-0.1895	0.328224
-0.19	0.32909
-0.1905	0.329956
-0.191	0.330822
-0.1915	0.331688
-0.192	0.332554
-0.1925	0.33342
-0.193	0.334286
-0.1935	0.335152
-0.194	0.336018
-0.1945	0.336884
-0.195	0.33775
-0.1955	0.338616
-0.196	0.339482
-0.1965	0.340348
-0.197	0.341214
-0.1975	0.34208
-0.198	0.342946
-0.1985	0.343812
-0.199	0.344678
-0.1995	0.345544
-0.2	0.34641
-0.2005	0.347276
-0.201	0.348142
-0.2015	0.349008
-0.202	0.349874
-0.2025	0.35074
-0.203	0.351606
-0.2035	0.352472
-0.204	0.353338
-0.2045	0.354204
-0.205	0.35507
-0.2055	0.355936
-0.206	0.356802
-0.2065	0.357668
-0.207	0.358535
-0.2075	0.359401
-0.208	0.360267
-0.2085	0.361133
-0.209	0.361999
-0.2095	0.362865
-0.21	0.363731
-0.2105	0.364597
-0.211	0.365463
-0.2115	0.366329
-0.212	0.367195
-0.2125	0.368061
-0.213	0.368927
-0.2135	0.369793
-0.214	0.370659
-0.2145	0.371525
-0.215	0.372391
-0.2155	0.373257
-0.216	0.374123
-0.2165	0.374989
-0.217	0.375855
-0.2175	0.376721
-0.218	0.377587
-0.2185	0.378453
-0.219	0.379319
-0.2195	0.380185
-0.22	0.381051
-0.2205	0.381917
-0.221	0.382783
-0.2215	0.383649
-0.222	0.384515
-0.2225	0.385381
-0.223	0.386247
-0.2235	0.387113
-0.224	0.387979
-0.2245	0.388845
-0.225	0.389711
-0.2255	0.390577
-0.226	0.391443
-0.2265	0.39231
-0.227	0.393176
-0.2275	0.394042
-0.228	0.394908
-0.2285	0.395774
-0.229	0.39664
-0.2295	0.397506
-0.23	0.398372
-0.2305	0.399238
-0.231	0.400104
-0.2315	0.40097
-0.232	0.401836
-0.2325	0.402702
-0.233	0.403568
-0.2335	0.404434
-0.234	0.4053
-0.2345	0.406166
-0.235	0.407032
-0.2355	0.407898
-0.236	0.408764
-0.2365	0.40963
-0.237	0.410496
-0.2375	0.411362
-0.238	0.412228
-0.2385	0.413094
-0.239	0.41396
-0.2395	0.414826
-0.24	0.415692
-0.2405	0.416558
-0.241	0.417424
-0.2415	0.41829
-0.242	0.419156
-0.2425	0.420022
-0.243	0.420888
-0.2435	0.421754
-0.244	0.42262
-0.2445	0.423486
-0.245	0.424352
-0.2455	0.425218
-0.246	0.426084
-0.2465	0.426951
-0.247	0.427817
-0.2475	0.428683
-0.248	0.429549
-0.2485	0.430415
-0.249	0.431281
-0.2495	0.432147
-0.25	0.433013
-0.2505	0.433879
-0.251	0.434745
-0.2515	0.435611
-0.252	0.436477
-0.2525	0.437343
-0.253	0.438209
-0.2535	0.439075
-0.254	0.439941
-0.2545	0.440807
-0.255	0.441673
-0.2555	0.442539
-0.256	0.443405
-0.2565	0.444271
-0.257	0.445137
-0.2575	0.446003
-0.258	0.446869
-0.2585	0.447735
-0.259	0.448601
-0.2595	0.449467
-0.26	0.450333
-0.2605	0.451199
-0.261	0.452065
-0.2615	0.452931
-0.262	0.453797
-0.2625	0.454663
-0.263	0.455529
-0.2635	0.456395
-0.264	0.457261
-0.2645	0.458127
-0.265	0.458993
-0.2655	0.459859
-0.266	0.460726
-0.2665	0.461592
-0.267	0.462458
-0.2675	0.463324
-0.268	0.46419
-0.2685	0.465056
-0.269	0.465922
-0.2695	0.466788
-0.27	0.467654
-0.2705	0.46852
-0.271	0.469386
-0.2715	0.470252
-0.272	0.471118
-0.2725	0.471984
-0.273	0.47285
-0.2735	0.473716
-0.274	0.474582
-0.2745	0.475448
-0.275	0.476314
-0.2755	0.47718
-0.276	0.478046
-0.2765	0.478912
-0.277	0.479778
-0.2775	0.480644
-0.278	0.48151
-0.2785	0.482376
-0.279	0.483242
-0.2795	0.484108
-0.28	0.484974
-0.2805	0.48584
-0.281	0.486706
-0.2815	0.487572
-0.282	0.488438
-0.2825	0.489304
-0.283	0.49017
-0.2835	0.491036
-0.284	0.491902
-0.2845	0.492768
-0.285	0.493634
-0.2855	0.494501
-0.286	0.495367
-0.2865	0.496233
-0.287	0.497099
-0.2875	0.497965
-0.288	0.498831
-0.2885	0.499697
-0.289	0.500563
-0.2895	0.501429
-0.29	0.502295
-0.2905	0.503161
-0.291	0.504027
-0.2915	0.504893
-0.292	0.505759
-0.2925	0.506625
-0.293	0.507491
-0.2935	0.508357
-0.294	0.509223
-0.2945	0.510089
-0.295	0.510955
-0.2955	0.511821
-0.296	0.512687
-0.2965	0.513553
-0.297	0.514419
-0.2975	0.515285
-0.298	0.516151
-0.2985	0.517017
-0.299	0.517883
-0.2995	0.518749
-0.3	0.519615
-0.3005	0.520481
-0.301	0.521347
-0.3015	0.522213
-0.302	0.523079
-0.3025	0.523945
-0.303	0.524811
-0.3035	0.525677
-0.304	0.526543
-0.3045	0.527409
-0.305	0.528275
-0.3055	0.529142
-0.306	0.530008
-0.3065	0.530874
-0.307	0.53174
-0.3075	0.532606
-0.308	0.533472
-0.3085	0.534338
-0.309	0.535204
-0.3095	0.53607
-0.31	0.536936
-0.3105	0.537802
-0.311	0.538668
-0.3115	0.539534
-0.312	0.5404
-0.3125	0.541266
-0.313	0.542132
-0.3135	0.542998
-0.314	0.543864
-0.3145	0.54473
-0.315	0.545596
-0.3155	0.546462
-0.316	0.547328
-0.3165	0.548194
-0.317	0.54906
-0.3175	0.549926
-0.318	0.550792
-0.3185	0.551658
-0.319	0.552524
-0.3195	0.55339
-0.32	0.554256
-0.3205	0.555122
-0.321	0.555988
-0.3215	0.556854
-0.322	0.55772
-0.3225	0.558586
-0.323	0.559452
-0.3235	0.560318
-0.324	0.561184
-0.3245	0.56205
-0.325	0.562917
-0.3255	0.563783
-0.326	0.564649
-0.3265	0.565515
-0.327	0.566381
-0.3275	0.567247
-0.328	0.568113
-0.3285	0.568979
-0.329	0.569845
-0.3295	0.570711
-0.33	0.571577
-0.3305	0.572443
-0.331	0.573309
-0.3315	0.574175
-0.332	0.575041
-0.3325	0.575907
-0.333	0.576773
-0.3335	0.577639
-0.334	0.578505
-0.3345	0.579371
-0.335	0.580237
-0.3355	0.581103
-0.336	0.581969
-0.3365	0.582835
-0.337	0.583701
-0.3375	0.584567
-0.338	0.585433
-0.3385	0.586299
-0.339	0.587165
-0.3395	0.588031
-0.34	0.588897
-0.3405	0.589763
-0.341	0.590629
-0.3415	0.591495
-0.342	0.592361
-0.3425	0.593227
-0.343	0.594093
-0.3435	0.594959
-0.344	0.595825
-0.3445	0.596692
-0.345	0.597558
-0.3455	0.598424
-0.346	0.59929
-0.3465	0.600156
-0.347	0.601022
-0.3475	0.601888
-0.348	0.602754
-0.3485	0.60362
-0.349	0.604486
-0.3495	0.605352
-0.35	0.606218
-0.3505	0.607084
-0.351	0.60795
-0.3515	0.608816
-0.352	0.609682
-0.3525	0.610548
-0.353	0.611414
-0.3535	0.61228
-0.354	0.613146
-0.3545	0.614012
-0.355	0.614878
-0.3555	0.615744
-0.356	0.61661
-0.3565	0.617476
-0.357	0.618342
-0.3575	0.619208
-0.358	0.620074
-0.3585	0.62094
-0.359	0.621806
-0.3595	0.622672
-0.36	0.623538
-0.3605	0.624404
-0.361	0.62527
-0.3615	0.626136
-0.362	0.627002
-0.3625	0.627868
-0.363	0.628734
-0.3635	0.6296
-0.364	0.630466
-0.3645	0.631333
-0.365	0.632199
-0.3655	0.633065
-0.366	0.633931
-0.3665	0.634797
-0.367	0.635663
-0.3675	0.636529
-0.368	0.637395
-0.3685	0.638261
-0.369	0.639127
-0.3695	0.639993
-0.37	0.640859
-0.3705	0.641725
-0.371	0.642591
-0.3715	0.643457
-0.372	0.644323
-0.3725	0.645189
-0.373	0.646055
-0.3735	0.646921
-0.374	0.647787
-0.3745	0.648653
-0.375	0.649519
-0.3755	0.650385
-0.376	0.651251
-0.3765	0.652117
-0.377	0.652983
-0.3775	0.653849
-0.378	0.654715
-0.3785	0.655581
-0.379	0.656447
-0.3795	0.657313
-0.38	0.658179
-0.3805	0.659045
-0.381	0.659911
-0.3815	0.660777
-0.382	0.661643
-0.3825	0.662509
-0.383	0.663375
-0.3835	0.664241
-0.384	0.665108
-0.3845	0.665974
-0.385	0.66684
-0.3855	0.667706
-0.386	0.668572
-0.3865	0.669438
-0.387	0.670304
-0.3875	0.67117
-0.388	0.672036
-0.3885	0.672902
-0.389	0.673768
-0.3895	0.674634
-0.39	0.6755
-0.3905	0.676366
-0.391	0.677232
-0.3915	0.678098
-0.392	0.678964
-0.3925	0.67983
-0.393	0.680696
-0.3935	0.681562
-0.394	0.682428
-0.3945	0.683294
-0.395	0.68416
-0.3955	0.685026
-0.396	0.685892
-0.3965	0.686758
-0.397	0.687624
-0.3975	0.68849
-0.398	0.689356
-0.3985	0.690222
-0.399	0.691088
-0.3995	0.691954
-0.4	0.69282
-0.4005	0.693686
-0.401	0.694552
-0.4015	0.695418
-0.402	0.696284
-0.4025	0.69715
-0.403	0.698016
-0.4035	0.698883
-0.404	0.699749
-0.4045	0.700615
-0.405	0.701481
-0.4055	0.702347
-0.406	0.703213
-0.4065	0.704079
-0.407	0.704945
-0.4075	0.705811
-0.408	0.706677
-0.4085	0.707543
-0.409	0.708409
-0.4095	0.709275
-0.41	0.710141
-0.4105	0.711007
-0.411	0.711873
-0.4115	0.712739
-0.412	0.713605
-0.4125	0.714471
-0.413	0.715337
-0.4135	0.716203
-0.414	0.717069
-0.4145	0.717935
-0.415	0.718801
-0.4155	0.719667
-0.416	0.720533
-0.4165	0.721399
-0.417	0.722265
-0.4175	0.723131
-0.418	0.723997
-0.4185	0.724863
-0.419	0.725729
-0.4195	0.726595
-0.42	0.727461
-0.4205	0.728327
-0.421	0.729193
-0.4215	0.730059
-0.422	0.730925
-0.4225	0.731791
-0.423	0.732657
-0.4235	0.733524
-0.424	0.73439
-0.4245	0.735256
-0.425	0.736122
-0.4255	0.736988
-0.426	0.737854
-0.4265	0.73872
-0.427	0.739586
-0.4275	0.740452
-0.428	0.741318
-0.4285	0.742184
-0.429	0.74305
-0.4295	0.743916
-0.43	0.744782
-0.4305	0.745648
-0.431	0.746514
-0.4315	0.74738
-0.432	0.748246
-0.4325	0.749112
-0.433	0.749978
-0.4335	0.750844
-0.434	0.75171
-0.4345	0.752576
-0.435	0.753442
-0.4355	0.754308
-0.436	0.755174
-0.4365	0.75604
-0.437	0.756906
-0.4375	0.757772
-0.438	0.758638
-0.4385	0.759504
-0.439	0.76037
-0.4395	0.761236
-0.44	0.762102
-0.4405	0.762968
-0.441	0.763834
-0.4415	0.7647
-0.442	0.765566
-0.4425	0.766432
-0.443	0.767299
-0.4435	0.768165
-0.444	0.769031
-0.4445	0.769897
-0.445	0.770763
-0.4455	0.771629
-0.446	0.772495
-0.4465	0.773361
-0.447	0.774227
-0.4475	0.775093
-0.448	0.775959
-0.4485	0.776825
-0.449	0.777691
-0.4495	0.778557
-0.45	0.779423
-0.4505	0.780289
-0.451	0.781155
-0.4515	0.782021
-0.452	0.782887
-0.4525	0.783753
-0.453	0.784619
-0.4535	0.785485
-0.454	0.786351
-0.4545	0.787217
-0.455	0.788083
-0.4555	0.788949
-0.456	0.789815
-0.4565	0.790681
-0.457	0.791547
-0.4575	0.792413
-0.458	0.793279
-0.4585	0.794145
-0.459	0.795011
-0.4595	0.795877
-0.46	0.796743
-0.4605	0.797609
-0.461	0.798475
-0.4615	0.799341
-0.462	0.800207
-0.4625	0.801073
-0.463	0.80194
-0.4635	0.802806
-0.464	0.803672
-0.4645	0.804538
-0.465	0.805404
-0.4655	0.80627
-0.466	0.807136
-0.4665	0.808002
-0.467	0.808868
-0.4675	0.809734
-0.468	0.8106
-0.4685	0.811466
-0.469	0.812332
-0.4695	0.813198
-0.47	0.814064
-0.4705	0.81493
-0.471	0.815796
-0.4715	0.816662
-0.472	0.817528
-0.4725	0.818394
-0.473	0.81926
-0.4735	0.820126
-0.474	0.820992
-0.4745	0.821858
-0.475	0.822724
-0.4755	0.82359
-0.476	0.824456
-0.4765	0.825322
-0.477	0.826188
-0.4775	0.827054
-0.478	0.82792
-0.4785	0.828786
-0.479	0.829652
-0.4795	0.830518
-0.48	0.831384
-0.4805	0.83225
-0.481	0.833116
-0.4815	0.833982
-0.482	0.834848
-0.4825	0.835715
-0.483	0.836581
-0.4835	0.837447
-0.484	0.838313
-0.4845	0.839179
-0.485	0.840045
-0.4855	0.840911
-0.486	0.841777
-0.4865	0.842643
-0.487	0.843509
-0.4875	0.844375
-0.488	0.845241
-0.4885	0.846107
-0.489	0.846973
-0.4895	0.847839
-0.49	0.848705
-0.4905	0.849571
-0.491	0.850437
-0.4915	0.851303
-0.492	0.852169
-0.4925	0.853035
-0.493	0.853901
-0.4935	0.854767
-0.494	0.855633
-0.4945	0.856499
-0.495	0.857365
-0.4955	0.858231
-0.496	0.859097
-0.4965	0.859963
-0.497	0.860829
-0.4975	0.861695
-0.498	0.862561
-0.4985	0.863427
-0.499	0.864293
-0.4995	0.865159
-0.5	0.866025
-0.5005	0.866891
-0.501	0.867757
-0.5015	0.868623
-0.502	0.86949
-0.5025	0.870356
-0.503	0.871222
-0.5035	0.872088
-0.504	0.872954
-0.5045	0.87382
-0.505	0.874686
-0.5055	0.875552
-0.506	0.876418
-0.5065	0.877284
-0.507	0.87815
-0.5075	0.879016
-0.508	0.879882
-0.5085	0.880748
-0.509	0.881614
-0.5095	0.88248
-0.51	0.883346
-0.5105	0.884212
-0.511	0.885078
-0.5115	0.885944
-0.512	0.88681
-0.5125	0.887676
-0.513	0.888542
-0.5135	0.889408
-0.514	0.890274
-0.5145	0.89114
-0.515	0.892006
-0.5155	0.892872
-0.516	0.893738
-0.5165	0.894604
-0.517	0.89547
-0.5175	0.896336
-0.518	0.897202
-0.5185	0.898068
-0.519	0.898934
-0.5195	0.8998
-0.52	0.900666
-0.5205	0.901532
-0.521	0.902398
-0.5215	0.903264
-0.522	0.904131
-0.5225	0.904997
-0.523	0.905863
-0.5235	0.906729
-0.524	0.907595
-0.5245	0.908461
-0.525	0.909327
-0.5255	0.910193
-0.526	0.911059
-0.5265	0.911925
-0.527	0.912791
-0.5275	0.913657
-0.528	0.914523
-0.5285	0.915389
-0.529	0.916255
-0.5295	0.917121
-0.53	0.917987
-0.5305	0.918853
-0.531	0.919719
-0.5315	0.920585
-0.532	0.921451
-0.5325	0.922317
-0.533	0.923183
-0.5335	0.924049
-0.534	0.924915
-0.5345	0.925781
-0.535	0.926647
-0.5355	0.927513
-0.536	0.928379
-0.5365	0.929245
-0.537	0.930111
-0.5375	0.930977
-0.538	0.931843
-0.5385	0.932709
-0.539	0.933575
-0.5395	0.934441
-0.54	0.935307
-0.5405	0.936173
-0.541	0.937039
-0.5415	0.937906
-0.542	0.938772
-0.5425	0.939638
-0.543	0.940504
-0.5435	0.94137
-0.544	0.942236
-0.5445	0.943102
-0.545	0.943968
-0.5455	0.944834
-0.546	0.9457
-0.5465	0.946566
-0.547	0.947432
-0.5475	0.948298
-0.548	0.949164
-0.5485	0.95003
-0.549	0.950896
-0.5495	0.951762
-0.55	0.952628
-0.5505	0.953494
-0.551	0.95436
-0.5515	0.955226
-0.552	0.956092
-0.5525	0.956958
-0.553	0.957824
-0.5535	0.95869
-0.554	0.959556
-0.5545	0.960422
-0.555	0.961288
-0.5555	0.962154
-0.556	0.96302
-0.5565	0.963886
-0.557	0.964752
-0.5575	0.965618
-0.558	0.966484
-0.5585	0.96735
-0.559	0.968216
-0.5595	0.969082
-0.56	0.969948
-0.5605	0.970814
-0.561	0.971681
-0.5615	0.972547
-0.562	0.973413
-0.5625	0.974279
-0.563	0.975145
-0.5635	0.976011
-0.564	0.976877
-0.5645	0.977743
-0.565	0.978609
-0.5655	0.979475
-0.566	0.980341
-0.5665	0.981207
-0.567	0.982073
-0.5675	0.982939
-0.568	0.983805
-0.5685	0.984671
-0.569	0.985537
-0.5695	0.986403
-0.57	0.987269
-0.5705	0.988135
-0.571	0.989001
-0.5715	0.989867
-0.572	0.990733
-0.5725	0.991599
-0.573	0.992465
-0.5735	0.993331
-0.574	0.994197
-0.5745	0.995063
-0.575	0.995929
-0.5755	0.996795
-0.576	0.997661
-0.5765	0.998527
-0.577	0.999393
-0.578	0.999395
-0.579	0.999396
-0.58	0.999398
-0.581	0.999399
-0.582	0.9994
-0.583	0.999402
-0.584	0.999403
-0.585	0.999405
-0.586	0.999406
-0.587	0.999408
-0.588	0.999409
-0.589	0.999411
-0.59	0.999412
-0.591	0.999413
-0.592	0.999415
-0.593	0.999416
-0.594	0.999418
-0.595	0.999419
-0.596	0.999421
-0.597	0.999422
-0.598	0.999423
-0.599	0.999425
-0.6	0.999426
-0.601	0.999428
-0.602	0.999429
-0.603	0.999431
-0.604	0.999432
-0.605	0.999433
-0.606	0.999435
-0.607	0.999436
-0.608	0.999438
-0.609	0.999439
-0.61	0.999441
-0.611	0.999442
-0.612	0.999444
-0.613	0.999445
-0.614	0.999446
-0.615	0.999448
-0.616	0.999449
-0.617	0.999451
-0.618	0.999452
-0.619	0.999454
-0.62	0.999455
-0.621	0.999456
-0.622	0.999458
-0.623	0.999459
-0.624	0.999461
-0.625	0.999462
-0.626	0.999464
-0.627	0.999465
-0.628	0.999466
-0.629	0.999468
-0.63	0.999469
-0.631	0.999471
-0.632	0.999472
-0.633	0.999474
-0.634	0.999475
-0.635	0.999477
-0.636	0.999478
-0.637	0.999479
-0.638	0.999481
-0.639	0.999482
-0.64	0.999484
-0.641	0.999485
-0.642	0.999487
-0.643	0.999488
-0.644	0.999489
-0.645	0.999491
-0.646	0.999492
-0.647	0.999494
-0.648	0.999495
-0.649	0.999497
-0.65	0.999498
-0.651	0.999499
-0.652	0.999501
-0.653	0.999502
-0.654	0.999504
-0.655	0.999505
-0.656	0.999507
-0.657	0.999508
-0.658	0.999509
-0.659	0.999511
-0.66	0.999512
-0.661	0.999514
-0.662	0.999515
-0.663	0.999517
-0.664	0.999518
-0.665	0.99952
-0.666	0.999521
-0.667	0.999522
-0.668	0.999524
-0.669	0.999525
-0.67	0.999527
-0.671	0.999528
-0.672	0.99953
-0.673	0.999531
-0.674	0.999532
-0.675	0.999534
-0.676	0.999535
-0.677	0.999537
-0.678	0.999538
-0.679	0.99954
-0.68	0.999541
-0.681	0.999542
-0.682	0.999544
-0.683	0.999545
-0.684	0.999547
-0.685	0.999548
-0.686	0.99955
-0.687	0.999551
-0.688	0.999553
-0.689	0.999554
-0.69	0.999555
-0.691	0.999557
-0.692	0.999558
-0.693	0.99956
-0.694	0.999561
-0.695	0.999563
-0.696	0.999564
-0.697	0.999565
-0.698	0.999567
-0.699	0.999568
-0.7	0.99957
-0.701	0.999571
-0.702	0.999573
-0.703	0.999574
-0.704	0.999575
-0.705	0.999577
-0.706	0.999578
-0.707	0.99958
-0.708	0.999581
-0.709	0.999583
-0.71	0.999584
-0.711	0.999586
-0.712	0.999587
-0.713	0.999588
-0.714	0.99959
-0.715	0.999591
-0.716	0.999593
-0.717	0.999594
-0.718	0.999596
-0.719	0.999597
-0.72	0.999598
-0.721	0.9996
-0.722	0.999601
-0.723	0.999603
-0.724	0.999604
-0.725	0.999606
-0.726	0.999607
-0.727	0.999608
-0.728	0.99961
-0.729	0.999611
-0.73	0.999613
-0.731	0.999614
-0.732	0.999616
-0.733	0.999617
-0.734	0.999618
-0.735	0.99962
-0.736	0.999621
-0.737	0.999623
-0.738	0.999624
-0.739	0.999626
-0.74	0.999627
-0.741	0.999629
-0.742	0.99963
-0.743	0.999631
-0.744	0.999633
-0.745	0.999634
-0.746	0.999636
-0.747	0.999637
-0.748	0.999639
-0.749	0.99964
-0.75	0.999641
-0.751	0.999643
-0.752	0.999644
-0.753	0.999646
-0.754	0.999647
-0.755	0.999649
-0.756	0.99965
-0.757	0.999651
-0.758	0.999653
-0.759	0.999654
-0.76	0.999656
-0.761	0.999657
-0.762	0.999659
-0.763	0.99966
-0.764	0.999662
-0.765	0.999663
-0.766	0.999664
-0.767	0.999666
-0.768	0.999667
-0.769	0.999669
-0.77	0.99967
-0.771	0.999672
-0.772	0.999673
-0.773	0.999674
-0.774	0.999676
-0.775	0.999677
-0.776	0.999679
-0.777	0.99968
-0.778	0.999682
-0.779	0.999683
-0.78	0.999684
-0.781	0.999686
-0.782	0.999687
-0.783	0.999689
-0.784	0.99969
-0.785	0.999692
-0.786	0.999693
-0.787	0.999695
-0.788	0.999696
-0.789	0.999697
-0.79	0.999699
-0.791	0.9997
-0.792	0.999702
-0.793	0.999703
-0.794	0.999705
-0.795	0.999706
-0.796	0.999707
-0.797	0.999709
-0.798	0.99971
-0.799	0.999712
-0.8	0.999713
-0.801	0.999715
-0.802	0.999716
-0.803	0.999717
-0.804	0.999719
-0.805	0.99972
-0.806	0.999722
-0.807	0.999723
-0.808	0.999725
-0.809	0.999726
-0.81	0.999727
-0.811	0.999729
-0.812	0.99973
-0.813	0.999732
-0.814	0.999733
-0.815	0.999735
-0.816	0.999736
-0.817	0.999738
-0.818	0.999739
-0.819	0.99974
-0.82	0.999742
-0.821	0.999743
-0.822	0.999745
-0.823	0.999746
-0.824	0.999748
-0.825	0.999749
-0.826	0.99975
-0.827	0.999752
-0.828	0.999753
-0.829	0.999755
-0.83	0.999756
-0.831	0.999758
-0.832	0.999759
-0.833	0.99976
-0.834	0.999762
-0.835	0.999763
-0.836	0.999765
-0.837	0.999766
-0.838	0.999768
-0.839	0.999769
-0.84	0.999771
-0.841	0.999772
-0.842	0.999773
-0.843	0.999775
-0.844	0.999776
-0.845	0.999778
-0.846	0.999779
-0.847	0.999781
-0.848	0.999782
-0.849	0.999783
-0.85	0.999785
-0.851	0.999786
-0.852	0.999788
-0.853	0.999789
-0.854	0.999791
-0.855	0.999792
-0.856	0.999793
-0.857	0.999795
-0.858	0.999796
-0.859	0.999798
-0.86	0.999799
-0.861	0.999801
-0.862	0.999802
-0.863	0.999804
-0.864	0.999805
-0.865	0.999806
-0.866	0.999808
-0.867	0.999809
-0.868	0.999811
-0.869	0.999812
-0.87	0.999814
-0.871	0.999815
-0.872	0.999816
-0.873	0.999818
-0.874	0.999819
-0.875	0.999821
-0.876	0.999822
-0.877	0.999824
-0.878	0.999825
-0.879	0.999826
-0.88	0.999828
-0.881	0.999829
-0.882	0.999831
-0.883	0.999832
-0.884	0.999834
-0.885	0.999835
-0.886	0.999836
-0.887	0.999838
-0.888	0.999839
-0.889	0.999841
-0.89	0.999842
-0.891	0.999844
-0.892	0.999845
-0.893	0.999847
-0.894	0.999848
-0.895	0.999849
-0.896	0.999851
-0.897	0.999852
-0.898	0.999854
-0.899	0.999855
-0.9	0.999857
-0.901	0.999858
-0.902	0.999859
-0.903	0.999861
-0.904	0.999862
-0.905	0.999864
-0.906	0.999865
-0.907	0.999867
-0.908	0.999868
-0.909	0.999869
-0.91	0.999871
-0.911	0.999872
-0.912	0.999874
-0.913	0.999875
-0.914	0.999877
-0.915	0.999878
-0.916	0.99988
-0.917	0.999881
-0.918	0.999882
-0.919	0.999884
-0.92	0.999885
-0.921	0.999887
-0.922	0.999888
-0.923	0.99989
-0.924	0.999891
-0.925	0.999892
-0.926	0.999894
-0.927	0.999895
-0.928	0.999897
-0.929	0.999898
-0.93	0.9999
-0.931	0.999901
-0.932	0.999902
-0.933	0.999904
-0.934	0.999905
-0.935	0.999907
-0.936	0.999908
-0.937	0.99991
-0.938	0.999911
-0.939	0.999913
-0.94	0.999914
-0.941	0.999915
-0.942	0.999917
-0.943	0.999918
-0.944	0.99992
-0.945	0.999921
-0.946	0.999923
-0.947	0.999924
-0.948	0.999925
-0.949	0.999927
-0.95	0.999928
-0.951	0.99993
-0.952	0.999931
-0.953	0.999933
-0.954	0.999934
-0.955	0.999935
-0.956	0.999937
-0.957	0.999938
-0.958	0.99994
-0.959	0.999941
-0.96	0.999943
-0.961	0.999944
-0.962	0.999945
-0.963	0.999947
-0.964	0.999948
-0.965	0.99995
-0.966	0.999951
-0.967	0.999953
-0.968	0.999954
-0.969	0.999956
-0.97	0.999957
-0.971	0.999958
-0.972	0.99996
-0.973	0.999961
-0.974	0.999963
-0.975	0.999964
-0.976	0.999966
-0.977	0.999967
-0.978	0.999968
-0.979	0.99997
-0.98	0.999971
-0.981	0.999973
-0.982	0.999974
-0.983	0.999976
-0.984	0.999977
-0.985	0.999978
-0.986	0.99998
-0.987	0.999981
-0.988	0.999983
-0.989	0.999984
-0.99	0.999986
-0.991	0.999987
-0.992	0.999989
-0.993	0.99999
-0.994	0.999991
-0.995	0.999993
-0.996	0.999994
-0.997	0.999996
-0.998	0.999997
-0.999	0.999999
-1	1
-1	0.999
-1	0.998
-1	0.997
-1	0.996
-1	0.995
-1	0.994
-1	0.993
-1	0.992
-1	0.991
-1	0.99
-1	0.989
-1	0.988
-1	0.987
-1	0.986
-1	0.985
-1	0.984
-1	0.983
-1	0.982
-1	0.981
-1	0.98
-1	0.979
-1	0.978
-1	0.977
-1	0.976
-1	0.975
-1	0.974
-1	0.973
-1	0.972
-1	0.971
-1	0.97
-1	0.969
-1	0.968
-1	0.967
-1	0.966
-1	0.965
-1	0.964
-1	0.963
-1	0.962
-1	0.961
-1	0.96
-1	0.959
-1	0.958
-1	0.957
-1	0.956
-1	0.955
-1	0.954
-1	0.953
-1	0.952
-1	0.951
-1	0.95
-1	0.949
-1	0.948
-1	0.947
-1	0.946
-1	0.945
-1	0.944
-1	0.943
-1	0.942
-1	0.941
-1	0.94
-1	0.939
-1	0.938
-1	0.937
-1	0.936
-1	0.935
-1	0.934
-1	0.933
-1	0.932
-1	0.931
-1	0.93
-1	0.929
-1	0.928
-1	0.927
-1	0.926
-1	0.925
-1	0.924
-1	0.923
-1	0.922
-1	0.921
-1	0.92
-1	0.919
-1	0.918
-1	0.917
-1	0.916
-1	0.915
-1	0.914
-1	0.913
-1	0.912
-1	0.911
-1	0.91
-1	0.909
-1	0.908
-1	0.907
-1	0.906
-1	0.905
-1	0.904
-1	0.903
-1	0.902
-1	0.901
-1	0.9
-1	0.899
-1	0.898
-1	0.897
-1	0.896
-1	0.895
-1	0.894
-1	0.893
-1	0.892
-1	0.891
-1	0.89
-1	0.889
-1	0.888
-1	0.887
-1	0.886
-1	0.885
-1	0.884
-1	0.883
-1	0.882
-1	0.881
-1	0.88
-1	0.879
-1	0.878
-1	0.877
-1	0.876
-1	0.875
-1	0.874
-1	0.873
-1	0.872
-1	0.871
-1	0.87
-1	0.869
-1	0.868
-1	0.867
-1	0.866
-1	0.865
-1	0.864
-1	0.863
-1	0.862
-1	0.861
-1	0.86
-1	0.859
-1	0.858
-1	0.857
-1	0.856
-1	0.855
-1	0.854
-1	0.853
-1	0.852
-1	0.851
-1	0.85
-1	0.849
-1	0.848
-1	0.847
-1	0.846
-1	0.845
-1	0.844
-1	0.843
-1	0.842
-1	0.841
-1	0.84
-1	0.839
-1	0.838
-1	0.837
-1	0.836
-1	0.835
-1	0.834
-1	0.833
-1	0.832
-1	0.831
-1	0.83
-1	0.829
-1	0.828
-1	0.827
-1	0.826
-1	0.825
-1	0.824
-1	0.823
-1	0.822
-1	0.821
-1	0.82
-1	0.819
-1	0.818
-1	0.817
-1	0.816
-1	0.815
-1	0.814
-1	0.813
-1	0.812
-1	0.811
-1	0.81
-1	0.809
-1	0.808
-1	0.807
-1	0.806
-1	0.805
-1	0.804
-1	0.803
-1	0.802
-1	0.801
-1	0.8
-1	0.799
-1	0.798
-1	0.797
-1	0.796
-1	0.795
-1	0.794
-1	0.793
-1	0.792
-1	0.791
-1	0.79
-1	0.789
-1	0.788
-1	0.787
-1	0.786
-1	0.785
-1	0.784
-1	0.783
-1	0.782
-1	0.781
-1	0.78
-1	0.779
-1	0.778
-1	0.777
-1	0.776
-1	0.775
-1	0.774
-1	0.773
-1	0.772
-1	0.771
-1	0.77
-1	0.769
-1	0.768
-1	0.767
-1	0.766
-1	0.765
-1	0.764
-1	0.763
-1	0.762
-1	0.761
-1	0.76
-1	0.759
-1	0.758
-1	0.757
-1	0.756
-1	0.755
-1	0.754
-1	0.753
-1	0.752
-1	0.751
-1	0.75
-1	0.749
-1	0.748
-1	0.747
-1	0.746
-1	0.745
-1	0.744
-1	0.743
-1	0.742
-1	0.741
-1	0.74
-1	0.739
-1	0.738
-1	0.737
-1	0.736
-1	0.735
-1	0.734
-1	0.733
-1	0.732
-1	0.731
-1	0.73
-1	0.729
-1	0.728
-1	0.727
-1	0.726
-1	0.725
-1	0.724
-1	0.723
-1	0.722
-1	0.721
-1	0.72
-1	0.719
-1	0.718
-1	0.717
-1	0.716
-1	0.715
-1	0.714
-1	0.713
-1	0.712
-1	0.711
-1	0.71
-1	0.709
-1	0.708
-1	0.707
-1	0.706
-1	0.705
-1	0.704
-1	0.703
-1	0.702
-1	0.701
-1	0.7
-1	0.699
-1	0.698
-1	0.697
-1	0.696
-1	0.695
-1	0.694
-1	0.693
-1	0.692
-1	0.691
-1	0.69
-1	0.689
-1	0.688
-1	0.687
-1	0.686
-1	0.685
-1	0.684
-1	0.683
-1	0.682
-1	0.681
-1	0.68
-1	0.679
-1	0.678
-1	0.677
-1	0.676
-1	0.675
-1	0.674
-1	0.673
-1	0.672
-1	0.671
-1	0.67
-1	0.669
-1	0.668
-1	0.667
-1	0.666
-1	0.665
-1	0.664
-1	0.663
-1	0.662
-1	0.661
-1	0.66
-1	0.659
-1	0.658
-1	0.657
-1	0.656
-1	0.655
-1	0.654
-1	0.653
-1	0.652
-1	0.651
-1	0.65
-1	0.649
-1	0.648
-1	0.647
-1	0.646
-1	0.645
-1	0.644
-1	0.643
-1	0.642
-1	0.641
-1	0.64
-1	0.639
-1	0.638
-1	0.637
-1	0.636
-1	0.635
-1	0.634
-1	0.633
-1	0.632
-1	0.631
-1	0.63
-1	0.629
-1	0.628
-1	0.627
-1	0.626
-1	0.625
-1	0.624
-1	0.623
-1	0.622
-1	0.621
-1	0.62
-1	0.619
-1	0.618
-1	0.617
-1	0.616
-1	0.615
-1	0.614
-1	0.613
-1	0.612
-1	0.611
-1	0.61
-1	0.609
-1	0.608
-1	0.607
-1	0.606
-1	0.605
-1	0.604
-1	0.603
-1	0.602
-1	0.601
-1	0.6
-1	0.599
-1	0.598
-1	0.597
-1	0.596
-1	0.595
-1	0.594
-1	0.593
-1	0.592
-1	0.591
-1	0.59
-1	0.589
-1	0.588
-1	0.587
-1	0.586
-1	0.585
-1	0.584
-1	0.583
-1	0.582
-1	0.581
-1	0.58
-1	0.579
-1	0.578
-1	0.577
-1	0.576
-1	0.575
-1	0.574
-1	0.573
-1	0.572
-1	0.571
-1	0.57
-1	0.569
-1	0.568
-1	0.567
-1	0.566
-1	0.565
-1	0.564
-1	0.563
-1	0.562
-1	0.561
-1	0.56
-1	0.559
-1	0.558
-1	0.557
-1	0.556
-1	0.555
-1	0.554
-1	0.553
-1	0.552
-1	0.551
-1	0.55
-1	0.549
-1	0.548
-1	0.547
-1	0.546
-1	0.545
-1	0.544
-1	0.543
-1	0.542
-1	0.541
-1	0.54
-1	0.539
-1	0.538
-1	0.537
-1	0.536
-1	0.535
-1	0.534
-1	0.533
-1	0.532
-1	0.531
-1	0.53
-1	0.529
-1	0.528
-1	0.527
-1	0.526
-1	0.525
-1	0.524
-1	0.523
-1	0.522
-1	0.521
-1	0.52
-1	0.519
-1	0.518
-1	0.517
-1	0.516
-1	0.515
-1	0.514
-1	0.513
-1	0.512
-1	0.511
-1	0.51
-1	0.509
-1	0.508
-1	0.507
-1	0.506
-1	0.505
-1	0.504
-1	0.503
-1	0.502
-1	0.501
-1	0.5
-1	0.499
-1	0.498
-1	0.497
-1	0.496
-1	0.495
-1	0.494
-1	0.493
-1	0.492
-1	0.491
-1	0.49
-1	0.489
-1	0.488
-1	0.487
-1	0.486
-1	0.485
-1	0.484
-1	0.483
-1	0.482
-1	0.481
-1	0.48
-1	0.479
-1	0.478
-1	0.477
-1	0.476
-1	0.475
-1	0.474
-1	0.473
-1	0.472
-1	0.471
-1	0.47
-1	0.469
-1	0.468
-1	0.467
-1	0.466
-1	0.465
-1	0.464
-1	0.463
-1	0.462
-1	0.461
-1	0.46
-1	0.459
-1	0.458
-1	0.457
-1	0.456
-1	0.455
-1	0.454
-1	0.453
-1	0.452
-1	0.451
-1	0.45
-1	0.449
-1	0.448
-1	0.447
-1	0.446
-1	0.445
-1	0.444
-1	0.443
-1	0.442
-1	0.441
-1	0.44
-1	0.439
-1	0.438
-1	0.437
-1	0.436
-1	0.435
-1	0.434
-1	0.433
-1	0.432
-1	0.431
-1	0.43
-1	0.429
-1	0.428
-1	0.427
-1	0.426
-1	0.425
-1	0.424
-1	0.423
-1	0.422
-1	0.421
-1	0.42
-1	0.419
-1	0.418
-1	0.417
-1	0.416
-1	0.415
-1	0.414
-1	0.413
-1	0.412
-1	0.411
-1	0.41
-1	0.409
-1	0.408
-1	0.407
-1	0.406
-1	0.405
-1	0.404
-1	0.403
-1	0.402
-1	0.401
-1	0.4
-1	0.399
-1	0.398
-1	0.397
-1	0.396
-1	0.395
-1	0.394
-1	0.393
-1	0.392
-1	0.391
-1	0.39
-1	0.389
-1	0.388
-1	0.387
-1	0.386
-1	0.385
-1	0.384
-1	0.383
-1	0.382
-1	0.381
-1	0.38
-1	0.379
-1	0.378
-1	0.377
-1	0.376
-1	0.375
-1	0.374
-1	0.373
-1	0.372
-1	0.371
-1	0.37
-1	0.369
-1	0.368
-1	0.367
-1	0.366
-1	0.365
-1	0.364
-1	0.363
-1	0.362
-1	0.361
-1	0.36
-1	0.359
-1	0.358
-1	0.357
-1	0.356
-1	0.355
-1	0.354
-1	0.353
-1	0.352
-1	0.351
-1	0.35
-1	0.349
-1	0.348
-1	0.347
-1	0.346
-1	0.345
-1	0.344
-1	0.343
-1	0.342
-1	0.341
-1	0.34
-1	0.339
-1	0.338
-1	0.337
-1	0.336
-1	0.335
-1	0.334
-1	0.333
-1	0.332
-1	0.331
-1	0.33
-1	0.329
-1	0.328
-1	0.327
-1	0.326
-1	0.325
-1	0.324
-1	0.323
-1	0.322
-1	0.321
-1	0.32
-1	0.319
-1	0.318
-1	0.317
-1	0.316
-1	0.315
-1	0.314
-1	0.313
-1	0.312
-1	0.311
-1	0.31
-1	0.309
-1	0.308
-1	0.307
-1	0.306
-1	0.305
-1	0.304
-1	0.303
-1	0.302
-1	0.301
-1	0.3
-1	0.299
-1	0.298
-1	0.297
-1	0.296
-1	0.295
-1	0.294
-1	0.293
-1	0.292
-1	0.291
-1	0.29
-1	0.289
-1	0.288
-1	0.287
-1	0.286
-1	0.285
-1	0.284
-1	0.283
-1	0.282
-1	0.281
-1	0.28
-1	0.279
-1	0.278
-1	0.277
-1	0.276
-1	0.275
-1	0.274
-1	0.273
-1	0.272
-1	0.271
-1	0.27
-1	0.269
-1	0.268
-1	0.267
-1	0.266
-1	0.265
-1	0.264
-1	0.263
-1	0.262
-1	0.261
-1	0.26
-1	0.259
-1	0.258
-1	0.257
-1	0.256
-1	0.255
-1	0.254
-1	0.253
-1	0.252
-1	0.251
-1	0.25
-1	0.249
-1	0.248
-1	0.247
-1	0.246
-1	0.245
-1	0.244
-1	0.243
-1	0.242
-1	0.241
-1	0.24
-1	0.239
-1	0.238
-1	0.237
-1	0.236
-1	0.235
-1	0.234
-1	0.233
-1	0.232
-1	0.231
-1	0.23
-1	0.229
-1	0.228
-1	0.227
-1	0.226
-1	0.225
-1	0.224
-1	0.223
-1	0.222
-1	0.221
-1	0.22
-1	0.219
-1	0.218
-1	0.217
-1	0.216
-1	0.215
-1	0.214
-1	0.213
-1	0.212
-1	0.211
-1	0.21
-1	0.209
-1	0.208
-1	0.207
-1	0.206
-1	0.205
-1	0.204
-1	0.203
-1	0.202
-1	0.201
-1	0.2
-1	0.199
-1	0.198
-1	0.197
-1	0.196
-1	0.195
-1	0.194
-1	0.193
-1	0.192
-1	0.191
-1	0.19
-1	0.189
-1	0.188
-1	0.187
-1	0.186
-1	0.185
-1	0.184
-1	0.183
-1	0.182
-1	0.181
-1	0.18
-1	0.179
-1	0.178
-1	0.177
-1	0.176
-1	0.175
-1	0.174
-1	0.173
-1	0.172
-1	0.171
-1	0.17
-1	0.169
-1	0.168
-1	0.167
-1	0.166
-1	0.165
-1	0.164
-1	0.163
-1	0.162
-1	0.161
-1	0.16
-1	0.159
-1	0.158
-1	0.157
-1	0.156
-1	0.155
-1	0.154
-1	0.153
-1	0.152
-1	0.151
-1	0.15
-1	0.149
-1	0.148
-1	0.147
-1	0.146
-1	0.145
-1	0.144
-1	0.143
-1	0.142
-1	0.141
-1	0.14
-1	0.139
-1	0.138
-1	0.137
-1	0.136
-1	0.135
-1	0.134
-1	0.133
-1	0.132
-1	0.131
-1	0.13
-1	0.129
-1	0.128
-1	0.127
-1	0.126
-1	0.125
-1	0.124
-1	0.123
-1	0.122
-1	0.121
-1	0.12
-1	0.119
-1	0.118
-1	0.117
-1	0.116
-1	0.115
-1	0.114
-1	0.113
-1	0.112
-1	0.111
-1	0.11
-1	0.109
-1	0.108
-1	0.107
-1	0.106
-1	0.105
-1	0.104
-1	0.103
-1	0.102
-1	0.101
-1	0.1
-1	0.0990004
-1	0.0980004
-1	0.0970004
-1	0.0960004
-1	0.0950004
-1	0.0940004
-1	0.0930004
-1	0.0920004
-1	0.0910004
-1	0.0900004
-1	0.0890004
-1	0.0880004
-1	0.0870004
-1	0.0860004
-1	0.0850004
-1	0.0840004
-1	0.0830004
-1	0.0820004
-1	0.0810004
-1	0.0800004
-1	0.0790004
-1	0.0780004
-1	0.0770004
-1	0.0760004
-1	0.0750004
-1	0.0740004
-1	0.0730004
-1	0.0720004
-1	0.0710004
-1	0.0700004
-1	0.0690004
-1	0.0680004
-1	0.0670004
-1	0.0660004
-1	0.0650004
-1	0.0640004
-1	0.0630004
-1	0.0620004
-1	0.0610004
-1	0.0600004
-1	0.0590004
-1	0.0580004
-1	0.0570004
-1	0.0560004
-1	0.0550004
-1	0.0540004
-1	0.0530004
-1	0.0520004
-1	0.0510004
-1	0.0500004
-1	0.0490004
-1	0.0480004
-1	0.0470004
-1	0.0460004
-1	0.0450004
-1	0.0440004
-1	0.0430004
-1	0.0420004
-1	0.0410004
-1	0.0400004
-1	0.0390004
-1	0.0380004
-1	0.0370004
-1	0.0360004
-1	0.0350004
-1	0.0340004
-1	0.0330004
-1	0.0320004
-1	0.0310004
-1	0.0300004
-1	0.0290004
-1	0.0280004
-1	0.0270004
-1	0.0260004
-1	0.0250004
-1	0.0240004
-1	0.0230004
-1	0.0220004
-1	0.0210004
-1	0.0200004
-1	0.0190004
-1	0.0180004
-1	0.0170004
-1	0.0160004
-1	0.0150004
-1	0.0140004
-1	0.0130004
-1	0.0120004
-1	0.0110004
-1	0.0100004
-1	0.00900044
-1	0.00800044
-1	0.00700044
-1	0.00600044
-1	0.00500044
-1	0.00400044
-1	0.00300044
-1	0.00200044
-1	0.00100044
-1	4.35065e-007
-1	-0.000999565
-1	-0.00199956
-1	-0.00299956
-1	-0.00399956
-1	-0.00499956
-1	-0.00599956
-1	-0.00699956
-1	-0.00799956
-1	-0.00899956
-1	-0.00999956
-1	-0.0109996
-1	-0.0119996
-1	-0.0129996
-1	-0.0139996
-1	-0.0149996
-1	-0.0159996
-1	-0.0169996
-1	-0.0179996
-1	-0.0189996
-1	-0.0199996
-1	-0.0209996
-1	-0.0219996
-1	-0.0229996
-1	-0.0239996
-1	-0.0249996
-1	-0.0259996
-1	-0.0269996
-1	-0.0279996
-1	-0.0289996
-1	-0.0299996
-1	-0.0309996
-1	-0.0319996
-1	-0.0329996
-1	-0.0339996
-1	-0.0349996
-1	-0.0359996
-1	-0.0369996
-1	-0.0379996
-1	-0.0389996
-1	-0.0399996
-1	-0.0409996
-1	-0.0419996
-1	-0.0429996
-1	-0.0439996
-1	-0.0449996
-1	-0.0459996
-1	-0.0469996
-1	-0.0479996
-1	-0.0489996
-1	-0.0499996
-1	-0.0509996
-1	-0.0519996
-1	-0.0529996
-1	-0.0539996
-1	-0.0549996
-1	-0.0559996
-1	-0.0569996
-1	-0.0579996
-1	-0.0589996
-1	-0.0599996
-1	-0.0609996
-1	-0.0619996
-1	-0.0629996
-1	-0.0639996
-1	-0.0649996
-1	-0.0659996
-1	-0.0669996
-1	-0.0679996
-1	-0.0689996
-1	-0.0699996
-1	-0.0709996
-1	-0.0719996
-1	-0.0729996
-1	-0.0739996
-1	-0.0749996
-1	-0.0759996
-1	-0.0769996
-1	-0.0779996
-1	-0.0789996
-1	-0.0799996
-1	-0.0809996
-1	-0.0819996
-1	-0.0829996
-1	-0.0839996
-1	-0.0849996
-1	-0.0859996
-1	-0.0869996
-1	-0.0879996
-1	-0.0889996
-1	-0.0899996
-1	-0.0909996
-1	-0.0919996
-1	-0.0929996
-1	-0.0939996
-1	-0.0949996
-1	-0.0959996
-1	-0.0969996
-1	-0.0979996
-1	-0.0989996
-1	-0.0999996
-1	-0.101
-1	-0.102
-1	-0.103
-1	-0.104
-1	-0.105
-1	-0.106
-1	-0.107
-1	-0.108
-1	-0.109
-1	-0.11
-1	-0.111
-1	-0.112
-1	-0.113
-1	-0.114
-1	-0.115
-1	-0.116
-1	-0.117
-1	-0.118
-1	-0.119
-1	-0.12
-1	-0.121
-1	-0.122
-1	-0.123
-1	-0.124
-1	-0.125
-1	-0.126
-1	-0.127
-1	-0.128
-1	-0.129
-1	-0.13
-1	-0.131
-1	-0.132
-1	-0.133
-1	-0.134
-1	-0.135
-1	-0.136
-1	-0.137
-1	-0.138
-1	-0.139
-1	-0.14
-1	-0.141
-1	-0.142
-1	-0.143
-1	-0.144
-1	-0.145
-1	-0.146
-1	-0.147
-1	-0.148
-1	-0.149
-1	-0.15
-1	-0.151
-1	-0.152
-1	-0.153
-1	-0.154
-1	-0.155
-1	-0.156
-1	-0.157
-1	-0.158
-1	-0.159
-1	-0.16
-1	-0.161
-1	-0.162
-1	-0.163
-1	-0.164
-1	-0.165
-1	-0.166
-1	-0.167
-1	-0.168
-1	-0.169
-1	-0.17
-1	-0.171
-1	-0.172
-1	-0.173
-1	-0.174
-1	-0.175
-1	-0.176
-1	-0.177
-1	-0.178
-1	-0.179
-1	-0.18
-1	-0.181
-1	-0.182
-1	-0.183
-1	-0.184
-1	-0.185
-1	-0.186
-1	-0.187
-1	-0.188
-1	-0.189
-1	-0.19
-1	-0.191
-1	-0.192
-1	-0.193
-1	-0.194
-1	-0.195
-1	-0.196
-1	-0.197
-1	-0.198
-1	-0.199
-1	-0.2
-1	-0.201
-1	-0.202
-1	-0.203
-1	-0.204
-1	-0.205
-1	-0.206
-1	-0.207
-1	-0.208
-1	-0.209
-1	-0.21
-1	-0.211
-1	-0.212
-1	-0.213
-1	-0.214
-1	-0.215
-1	-0.216
-1	-0.217
-1	-0.218
-1	-0.219
-1	-0.22
-1	-0.221
-1	-0.222
-1	-0.223
-1	-0.224
-1	-0.225
-1	-0.226
-1	-0.227
-1	-0.228
-1	-0.229
-1	-0.23
-1	-0.231
-1	-0.232
-1	-0.233
-1	-0.234
-1	-0.235
-1	-0.236
-1	-0.237
-1	-0.238
-1	-0.239
-1	-0.24
-1	-0.241
-1	-0.242
-1	-0.243
-1	-0.244
-1	-0.245
-1	-0.246
-1	-0.247
-1	-0.248
-1	-0.249
-1	-0.25
-1	-0.251
-1	-0.252
-1	-0.253
-1	-0.254
-1	-0.255
-1	-0.256
-1	-0.257
-1	-0.258
-1	-0.259
-1	-0.26
-1	-0.261
-1	-0.262
-1	-0.263
-1	-0.264
-1	-0.265
-1	-0.266
-1	-0.267
-1	-0.268
-1	-0.269
-1	-0.27
-1	-0.271
-1	-0.272
-1	-0.273
-1	-0.274
-1	-0.275
-1	-0.276
-1	-0.277
-1	-0.278
-1	-0.279
-1	-0.28
-1	-0.281
-1	-0.282
-1	-0.283
-1	-0.284
-1	-0.285
-1	-0.286
-1	-0.287
-1	-0.288
-1	-0.289
-1	-0.29
-1	-0.291
-1	-0.292
-1	-0.293
-1	-0.294
-1	-0.295
-1	-0.296
-1	-0.297
-1	-0.298
-1	-0.299
-1	-0.3
-1	-0.301
-1	-0.302
-1	-0.303
-1	-0.304
-1	-0.305
-1	-0.306
-1	-0.307
-1	-0.308
-1	-0.309
-1	-0.31
-1	-0.311
-1	-0.312
-1	-0.313
-1	-0.314
-1	-0.315
-1	-0.316
-1	-0.317
-1	-0.318
-1	-0.319
-1	-0.32
-1	-0.321
-1	-0.322
-1	-0.323
-1	-0.324
-1	-0.325
-1	-0.326
-1	-0.327
-1	-0.328
-1	-0.329
-1	-0.33
-1	-0.331
-1	-0.332
-1	-0.333
-1	-0.334
-1	-0.335
-1	-0.336
-1	-0.337
-1	-0.338
-1	-0.339
-1	-0.34
-1	-0.341
-1	-0.342
-1	-0.343
-1	-0.344
-1	-0.345
-1	-0.346
-1	-0.347
-1	-0.348
-1	-0.349
-1	-0.35
-1	-0.351
-1	-0.352
-1	-0.353
-1	-0.354
-1	-0.355
-1	-0.356
-1	-0.357
-1	-0.358
-1	-0.359
-1	-0.36
-1	-0.361
-1	-0.362
-1	-0.363
-1	-0.364
-1	-0.365
-1	-0.366
-1	-0.367
-1	-0.368
-1	-0.369
-1	-0.37
-1	-0.371
-1	-0.372
-1	-0.373
-1	-0.374
-1	-0.375
-1	-0.376
-1	-0.377
-1	-0.378
-1	-0.379
-1	-0.38
-1	-0.381
-1	-0.382
-1	-0.383
-1	-0.384
-1	-0.385
-1	-0.386
-1	-0.387
-1	-0.388
-1	-0.389
-1	-0.39
-1	-0.391
-1	-0.392
-1	-0.393
-1	-0.394
-1	-0.395
-1	-0.396
-1	-0.397
-1	-0.398
-1	-0.399
-1	-0.4
-1	-0.401
-1	-0.402
-1	-0.403
-1	-0.404
-1	-0.405
-1	-0.406
-1	-0.407
-1	-0.408
-1	-0.409
-1	-0.41
-1	-0.411
-1	-0.412
-1	-0.413
-1	-0.414
-1	-0.415
-1	-0.416
-1	-0.417
-1	-0.418
-1	-0.419
-1	-0.42
-1	-0.421
-1	-0.422
-1	-0.423
-1	-0.424
-1	-0.425
-1	-0.426
-1	-0.427
-1	-0.428
-1	-0.429
-1	-0.43
-1	-0.431
-1	-0.432
-1	-0.433
-1	-0.434
-1	-0.435
-1	-0.436
-1	-0.437
-1	-0.438
-1	-0.439
-1	-0.44
-1	-0.441
-1	-0.442
-1	-0.443
-1	-0.444
-1	-0.445
-1	-0.446
-1	-0.447
-1	-0.448
-1	-0.449
-1	-0.45
-1	-0.451
-1	-0.452
-1	-0.453
-1	-0.454
-1	-0.455
-1	-0.456
-1	-0.457
-1	-0.458
-1	-0.459
-1	-0.46
-1	-0.461
-1	-0.462
-1	-0.463
-1	-0.464
-1	-0.465
-1	-0.466
-1	-0.467
-1	-0.468
-1	-0.469
-1	-0.47
-1	-0.471
-1	-0.472
-1	-0.473
-1	-0.474
-1	-0.475
-1	-0.476
-1	-0.477
-1	-0.478
-1	-0.479
-1	-0.48
-1	-0.481
-1	-0.482
-1	-0.483
-1	-0.484
-1	-0.485
-1	-0.486
-1	-0.487
-1	-0.488
-1	-0.489
-1	-0.49
-1	-0.491
-1	-0.492
-1	-0.493
-1	-0.494
-1	-0.495
-1	-0.496
-1	-0.497
-1	-0.498
-1	-0.499
-1	-0.5
-1	-0.501
-1	-0.502
-1	-0.503
-1	-0.504
-1	-0.505
-1	-0.506
-1	-0.507
-1	-0.508
-1	-0.509
-1	-0.51
-1	-0.511
-1	-0.512
-1	-0.513
-1	-0.514
-1	-0.515
-1	-0.516
-1	-0.517
-1	-0.518
-1	-0.519
-1	-0.52
-1	-0.521
-1	-0.522
-1	-0.523
-1	-0.524
-1	-0.525
-1	-0.526
-1	-0.527
-1	-0.528
-1	-0.529
-1	-0.53
-1	-0.531
-1	-0.532
-1	-0.533
-1	-0.534
-1	-0.535
-1	-0.536
-1	-0.537
-1	-0.538
-1	-0.539
-1	-0.54
-1	-0.541
-1	-0.542
-1	-0.543
-1	-0.544
-1	-0.545
-1	-0.546
-1	-0.547
-1	-0.548
-1	-0.549
-1	-0.55
-1	-0.551
-1	-0.552
-1	-0.553
-1	-0.554
-1	-0.555
-1	-0.556
-1	-0.557
-1	-0.558
-1	-0.559
-1	-0.56
-1	-0.561
-1	-0.562
-1	-0.563
-1	-0.564
-1	-0.565
-1	-0.566
-1	-0.567
-1	-0.568
-1	-0.569
-1	-0.57
-1	-0.571
-1	-0.572
-1	-0.573
-1	-0.574
-1	-0.575
-1	-0.576
-1	-0.577
-1	-0.578
-1	-0.579
-1	-0.58
-1	-0.581
-1	-0.582
-1	-0.583
-1	-0.584
-1	-0.585
-1	-0.586
-1	-0.587
-1	-0.588
-1	-0.589
-1	-0.59
-1	-0.591
-1	-0.592
-1	-0.593
-1	-0.594
-1	-0.595
-1	-0.596
-1	-0.597
-1	-0.598
-1	-0.599
-1	-0.6
-1	-0.601
-1	-0.602
-1	-0.603
-1	-0.604
-1	-0.605
-1	-0.606
-1	-0.607
-1	-0.608
-1	-0.609
-1	-0.61
-1	-0.611
-1	-0.612
-1	-0.613
-1	-0.614
-1	-0.615
-1	-0.616
-1	-0.617
-1	-0.618
-1	-0.619
-1	-0.62
-1	-0.621
-1	-0.622
-1	-0.623
-1	-0.624
-1	-0.625
-1	-0.626
-1	-0.627
-1	-0.628
-1	-0.629
-1	-0.63
-1	-0.631
-1	-0.632
-1	-0.633
-1	-0.634
-1	-0.635
-1	-0.636
-1	-0.637
-1	-0.638
-1	-0.639
-1	-0.64
-1	-0.641
-1	-0.642
-1	-0.643
-1	-0.644
-1	-0.645
-1	-0.646
-1	-0.647
-1	-0.648
-1	-0.649
-1	-0.65
-1	-0.651
-1	-0.652
-1	-0.653
-1	-0.654
-1	-0.655
-1	-0.656
-1	-0.657
-1	-0.658
-1	-0.659
-1	-0.66
-1	-0.661
-1	-0.662
-1	-0.663
-1	-0.664
-1	-0.665
-1	-0.666
-1	-0.667
-1	-0.668
-1	-0.669
-1	-0.67
-1	-0.671
-1	-0.672
-1	-0.673
-1	-0.674
-1	-0.675
-1	-0.676
-1	-0.677
-1	-0.678
-1	-0.679
-1	-0.68
-1	-0.681
-1	-0.682
-1	-0.683
-1	-0.684
-1	-0.685
-1	-0.686
-1	-0.687
-1	-0.688
-1	-0.689
-1	-0.69
-1	-0.691
-1	-0.692
-1	-0.693
-1	-0.694
-1	-0.695
-1	-0.696
-1	-0.697
-1	-0.698
-1	-0.699
-1	-0.7
-1	-0.701
-1	-0.702
-1	-0.703
-1	-0.704
-1	-0.705
-1	-0.706
-1	-0.707
-1	-0.708
-1	-0.709
-1	-0.71
-1	-0.711
-1	-0.712
-1	-0.713
-1	-0.714
-1	-0.715
-1	-0.716
-1	-0.717
-1	-0.718
-1	-0.719
-1	-0.72
-1	-0.721
-1	-0.722
-1	-0.723
-1	-0.724
-1	-0.725
-1	-0.726
-1	-0.727
-1	-0.728
-1	-0.729
-1	-0.73
-1	-0.731
-1	-0.732
-1	-0.733
-1	-0.734
-1	-0.735
-1	-0.736
-1	-0.737
-1	-0.738
-1	-0.739
-1	-0.74
-1	-0.741
-1	-0.742
-1	-0.743
-1	-0.744
-1	-0.745
-1	-0.746
-1	-0.747
-1	-0.748
-1	-0.749
-1	-0.75
-1	-0.751
-1	-0.752
-1	-0.753
-1	-0.754
-1	-0.755
-1	-0.756
-1	-0.757
-1	-0.758
-1	-0.759
-1	-0.76
-1	-0.761
-1	-0.762
-1	-0.763
-1	-0.764
-1	-0.765
-1	-0.766
-1	-0.767
-1	-0.768
-1	-0.769
-1	-0.77
-1	-0.771
-1	-0.772
-1	-0.773
-1	-0.774
-1	-0.775
-1	-0.776
-1	-0.777
-1	-0.778
-1	-0.779
-1	-0.78
-1	-0.781
-1	-0.782
-1	-0.783
-1	-0.784
-1	-0.785
-1	-0.786
-1	-0.787
-1	-0.788
-1	-0.789
-1	-0.79
-1	-0.791
-1	-0.792
-1	-0.793
-1	-0.794
-1	-0.795
-1	-0.796
-1	-0.797
-1	-0.798
-1	-0.799
-1	-0.8
-1	-0.801
-1	-0.802
-1	-0.803
-1	-0.804
-1	-0.805
-1	-0.806
-1	-0.807
-1	-0.808
-1	-0.809
-1	-0.81
-1	-0.811
-1	-0.812
-1	-0.813
-1	-0.814
-1	-0.815
-1	-0.816
-1	-0.817
-1	-0.818
-1	-0.819
-1	-0.82
-1	-0.821
-1	-0.822
-1	-0.823
-1	-0.824
-1	-0.825
-1	-0.826
-1	-0.827
-1	-0.828
-1	-0.829
-1	-0.83
-1	-0.831
-1	-0.832
-1	-0.833
-1	-0.834
-1	-0.835
-1	-0.836
-1	-0.837
-1	-0.838
-1	-0.839
-1	-0.84
-1	-0.841
-1	-0.842
-1	-0.843
-1	-0.844
-1	-0.845
-1	-0.846
-1	-0.847
-1	-0.848
-1	-0.849
-1	-0.85
-1	-0.851
-1	-0.852
-1	-0.853
-1	-0.854
-1	-0.855
-1	-0.856
-1	-0.857
-1	-0.858
-1	-0.859
-1	-0.86
-1	-0.861
-1	-0.862
-1	-0.863
-1	-0.864
-1	-0.865
-1	-0.866
-1	-0.867
-1	-0.868
-1	-0.869
-1	-0.87
-1	-0.871
-1	-0.872
-1	-0.873
-1	-0.874
-1	-0.875
-1	-0.876
-1	-0.877
-1	-0.878
-1	-0.879
-1	-0.88
-1	-0.881
-1	-0.882
-1	-0.883
-1	-0.884
-1	-0.885
-1	-0.886
-1	-0.887
-1	-0.888
-1	-0.889
-1	-0.89
-1	-0.891
-1	-0.892
-1	-0.893
-1	-0.894
-1	-0.895
-1	-0.896
-1	-0.897
-1	-0.898
-1	-0.899
-1	-0.9
-1	-0.901
-1	-0.902
-1	-0.903
-1	-0.904
-1	-0.905
-1	-0.906
-1	-0.907
-1	-0.908
-1	-0.909
-1	-0.91
-1	-0.911
-1	-0.912
-1	-0.913
-1	-0.914
-1	-0.915
-1	-0.916
-1	-0.917
-1	-0.918
-1	-0.919
-1	-0.92
-1	-0.921
-1	-0.922
-1	-0.923
-1	-0.924
-1	-0.925
-1	-0.926
-1	-0.927
-1	-0.928
-1	-0.929
-1	-0.93
-1	-0.931
-1	-0.932
-1	-0.933
-1	-0.934
-1	-0.935
-1	-0.936
-1	-0.937
-1	-0.938
-1	-0.939
-1	-0.94
-1	-0.941
-1	-0.942
-1	-0.943
-1	-0.944
-1	-0.945
-1	-0.946
-1	-0.947
-1	-0.948
-1	-0.949
-1	-0.95
-1	-0.951
-1	-0.952
-1	-0.953
-1	-0.954
-1	-0.955
-1	-0.956
-1	-0.957
-1	-0.958
-1	-0.959
-1	-0.96
-1	-0.961
-1	-0.962
-1	-0.963
-1	-0.964
-1	-0.965
-1	-0.966
-1	-0.967
-1	-0.968
-1	-0.969
-1	-0.97
-1	-0.971
-1	-0.972
-1	-0.973
-1	-0.974
-1	-0.975
-1	-0.976
-1	-0.977
-1	-0.978
-1	-0.979
-1	-0.98
-1	-0.981
-1	-0.982
-1	-0.983
-1	-0.984
-1	-0.985
-1	-0.986
-1	-0.987
-1	-0.988
-1	-0.989
-1	-0.99
-1	-0.991
-1	-0.992
-1	-0.993
-1	-0.994
-1	-0.995
-1	-0.996
-1	-0.997
-1	-0.998
-1	-0.999
-1	-1
-0.999	-1
-0.998	-1
-0.997	-1
-0.996	-1
-0.995	-1
-0.994	-1
-0.993	-1
-0.992	-1
-0.991	-1
-0.99	-1
-0.989	-1
-0.988	-1
-0.987	-1
-0.986	-1
-0.985	-1
-0.984	-1
-0.983	-1
-0.982	-1
-0.981	-1
-0.98	-1
-0.979	-1
-0.978	-1
-0.977	-1
-0.976	-1
-0.975	-1
-0.974	-1
-0.973	-1
-0.972	-1
-0.971	-1
-0.97	-1
-0.969	-1
-0.968	-1
-0.967	-1
-0.966	-1
-0.965	-1
-0.964	-1
-0.963	-1
-0.962	-1
-0.961	-1
-0.96	-1
-0.959	-1
-0.958	-1
-0.957	-1
-0.956	-1
-0.955	-1
-0.954	-1
-0.953	-1
-0.952	-1
-0.951	-1
-0.95	-1
-0.949	-1
-0.948	-1
-0.947	-1
-0.946	-1
-0.945	-1
-0.944	-1
-0.943	-1
-0.942	-1
-0.941	-1
-0.94	-1
-0.939	-1
-0.938	-1
-0.937	-1
-0.936	-1
-0.935	-1
-0.934	-1
-0.933	-1
-0.932	-1
-0.931	-1
-0.93	-1
-0.929	-1
-0.928	-1
-0.927	-1
-0.926	-1
-0.925	-1
-0.924	-1
-0.923	-1
-0.922	-1
-0.921	-1
-0.92	-1
-0.919	-1
-0.918	-1
-0.917	-1
-0.916	-1
-0.915	-1
-0.914	-1
-0.913	-1
-0.912	-1
-0.911	-1
-0.91	-1
-0.909	-1
-0.908	-1
-0.907	-1
-0.906	-1
-0.905	-1
-0.904	-1
-0.903	-1
-0.902	-1
-0.901	-1
-0.9	-1
-0.899	-1
-0.898	-1
-0.897	-1
-0.896	-1
-0.895	-1
-0.894	-1
-0.893	-1
-0.892	-1
-0.891	-1
-0.89	-1
-0.889	-1
-0.888	-1
-0.887	-1
-0.886	-1
-0.885	-1
-0.884	-1
-0.883	-1
-0.882	-1
-0.881	-1
-0.88	-1
-0.879	-1
-0.878	-1
-0.877	-1
-0.876	-1
-0.875	-1
-0.874	-1
-0.873	-1
-0.872	-1
-0.871	-1
-0.87	-1
-0.869	-1
-0.868	-1
-0.867	-1
-0.866	-1
-0.865	-1
-0.864	-1
-0.863	-1
-0.862	-1
-0.861	-1
-0.86	-1
-0.859	-1
-0.858	-1
-0.857	-1
-0.856	-1
-0.855	-1
-0.854	-1
-0.853	-1
-0.852	-1
-0.851	-1
-0.85	-1
-0.849	-1
-0.848	-1
-0.847	-1
-0.846	-1
-0.845	-1
-0.844	-1
-0.843	-1
-0.842	-1
-0.841	-1
-0.84	-1
-0.839	-1
-0.838	-1
-0.837	-1
-0.836	-1
-0.835	-1
-0.834	-1
-0.833	-1
-0.832	-1
-0.831	-1
-0.83	-1
-0.829	-1
-0.828	-1
-0.827	-1
-0.826	-1
-0.825	-1
-0.824	-1
-0.823	-1
-0.822	-1
-0.821	-1
-0.82	-1
-0.819	-1
-0.818	-1
-0.817	-1
-0.816	-1
-0.815	-1
-0.814	-1
-0.813	-1
-0.812	-1
-0.811	-1
-0.81	-1
-0.809	-1
-0.808	-1
-0.807	-1
-0.806	-1
-0.805	-1
-0.804	-1
-0.803	-1
-0.802	-1
-0.801	-1
-0.8	-1
-0.799	-1
-0.798	-1
-0.797	-1
-0.796	-1
-0.795	-1
-0.794	-1
-0.793	-1
-0.792	-1
-0.791	-1
-0.79	-1
-0.789	-1
-0.788	-1
-0.787	-1
-0.786	-1
-0.785	-1
-0.784	-1
-0.783	-1
-0.782	-1
-0.781	-1
-0.78	-1
-0.779	-1
-0.778	-1
-0.777	-1
-0.776	-1
-0.775	-1
-0.774	-1
-0.773	-1
-0.772	-1
-0.771	-1
-0.77	-1
-0.769	-1
-0.768	-1
-0.767	-1
-0.766	-1
-0.765	-1
-0.764	-1
-0.763	-1
-0.762	-1
-0.761	-1
-0.76	-1
-0.759	-1
-0.758	-1
-0.757	-1
-0.756	-1
-0.755	-1
-0.754	-1
-0.753	-1
-0.752	-1
-0.751	-1
-0.75	-1
-0.749	-1
-0.748	-1
-0.747	-1
-0.746	-1
-0.745	-1
-0.744	-1
-0.743	-1
-0.742	-1
-0.741	-1
-0.74	-1
-0.739	-1
-0.738	-1
-0.737	-1
-0.736	-1
-0.735	-1
-0.734	-1
-0.733	-1
-0.732	-1
-0.731	-1
-0.73	-1
-0.729	-1
-0.728	-1
-0.727	-1
-0.726	-1
-0.725	-1
-0.724	-1
-0.723	-1
-0.722	-1
-0.721	-1
-0.72	-1
-0.719	-1
-0.718	-1
-0.717	-1
-0.716	-1
-0.715	-1
-0.714	-1
-0.713	-1
-0.712	-1
-0.711	-1
-0.71	-1
-0.709	-1
-0.708	-1
-0.707	-1
-0.706	-1
-0.705	-1
-0.704	-1
-0.703	-1
-0.702	-1
-0.701	-1
-0.7	-1
-0.699	-1
-0.698	-1
-0.697	-1
-0.696	-1
-0.695	-1
-0.694	-1
-0.693	-1
-0.692	-1
-0.691	-1
-0.69	-1
-0.689	-1
-0.688	-1
-0.687	-1
-0.686	-1
-0.685	-1
-0.684	-1
-0.683	-1
-0.682	-1
-0.681	-1
-0.68	-1
-0.679	-1
-0.678	-1
-0.677	-1
-0.676	-1
-0.675	-1
-0.674	-1
-0.673	-1
-0.672	-1
-0.671	-1
-0.67	-1
-0.669	-1
-0.668	-1
-0.667	-1
-0.666	-1
-0.665	-1
-0.664	-1
-0.663	-1
-0.662	-1
-0.661	-1
-0.66	-1
-0.659	-1
-0.658	-1
-0.657	-1
-0.656	-1
-0.655	-1
-0.654	-1
-0.653	-1
-0.652	-1
-0.651	-1
-0.65	-1
-0.649	-1
-0.648	-1
-0.647	-1
-0.646	-1
-0.645	-1
-0.644	-1
-0.643	-1
-0.642	-1
-0.641	-1
-0.64	-1
-0.639	-1
-0.638	-1
-0.637	-1
-0.636	-1
-0.635	-1
-0.634	-1
-0.633	-1
-0.632	-1
-0.631	-1
-0.63	-1
-0.629	-1
-0.628	-1
-0.627	-1
-0.626	-1
-0.625	-1
-0.624	-1
-0.623	-1
-0.622	-1
-0.621	-1
-0.62	-1
-0.619	-1
-0.618	-1
-0.617	-1
-0.616	-1
-0.615	-1
-0.614	-1
-0.613	-1
-0.612	-1
-0.611	-1
-0.61	-1
-0.609	-1
-0.608	-1
-0.607	-1
-0.606	-1
-0.605	-1
-0.604	-1
-0.603	-1
-0.602	-1
-0.601	-1
-0.6	-1
-0.599	-1
-0.598	-1
-0.597	-1
-0.596	-1
-0.595	-1
-0.594	-1
-0.593	-1
-0.592	-1
-0.591	-1
-0.59	-1
-0.589	-1
-0.588	-1
-0.587	-1
-0.586	-1
-0.585	-1
-0.584	-1
-0.583	-1
-0.582	-1
-0.581	-1
-0.58	-1
-0.579	-1
-0.578	-1
-0.577	-1
-0.576	-1
-0.575	-1
-0.574	-1
-0.573	-1
-0.572	-1
-0.571	-1
-0.57	-1
-0.569	-1
-0.568	-1
-0.567	-1
-0.566	-1
-0.565	-1
-0.564	-1
-0.563	-1
-0.562	-1
-0.561	-1
-0.56	-1
-0.559	-1
-0.558	-1
-0.557	-1
-0.556	-1
-0.555	-1
-0.554	-1
-0.553	-1
-0.552	-1
-0.551	-1
-0.55	-1
-0.549	-1
-0.548	-1
-0.547	-1
-0.546	-1
-0.545	-1
-0.544	-1
-0.543	-1
-0.542	-1
-0.541	-1
-0.54	-1
-0.539	-1
-0.538	-1
-0.537	-1
-0.536	-1
-0.535	-1
-0.534	-1
-0.533	-1
-0.532	-1
-0.531	-1
-0.53	-1
-0.529	-1
-0.528	-1
-0.527	-1
-0.526	-1
-0.525	-1
-0.524	-1
-0.523	-1
-0.522	-1
-0.521	-1
-0.52	-1
-0.519	-1
-0.518	-1
-0.517	-1
-0.516	-1
-0.515	-1
-0.514	-1
-0.513	-1
-0.512	-1
-0.511	-1
-0.51	-1
-0.509	-1
-0.508	-1
-0.507	-1
-0.506	-1
-0.505	-1
-0.504	-1
-0.503	-1
-0.502	-1
-0.501	-1
-0.5	-1
-0.499	-1
-0.498	-1
-0.497	-1
-0.496	-1
-0.495	-1
-0.494	-1
-0.493	-1
-0.492	-1
-0.491	-1
-0.49	-1
-0.489	-1
-0.488	-1
-0.487	-1
-0.486	-1
-0.485	-1
-0.484	-1
-0.483	-1
-0.482	-1
-0.481	-1
-0.48	-1
-0.479	-1
-0.478	-1
-0.477	-1
-0.476	-1
-0.475	-1
-0.474	-1
-0.473	-1
-0.472	-1
-0.471	-1
-0.47	-1
-0.469	-1
-0.468	-1
-0.467	-1
-0.466	-1
-0.465	-1
-0.464	-1
-0.463	-1
-0.462	-1
-0.461	-1
-0.46	-1
-0.459	-1
-0.458	-1
-0.457	-1
-0.456	-1
-0.455	-1
-0.454	-1
-0.453	-1
-0.452	-1
-0.451	-1
-0.45	-1
-0.449	-1
-0.448	-1
-0.447	-1
-0.446	-1
-0.445	-1
-0.444	-1
-0.443	-1
-0.442	-1
-0.441	-1
-0.44	-1
-0.439	-1
-0.438	-1
-0.437	-1
-0.436	-1
-0.435	-1
-0.434	-1
-0.433	-1
-0.432	-1
-0.431	-1
-0.43	-1
-0.429	-1
-0.428	-1
-0.427	-1
-0.426	-1
-0.425	-1
-0.424	-1
-0.423	-1
-0.422	-1
-0.421	-1
-0.42	-1
-0.419	-1
-0.418	-1
-0.417	-1
-0.416	-1
-0.415	-1
-0.414	-1
-0.413	-1
-0.412	-1
-0.411	-1
-0.41	-1
-0.409	-1
-0.408	-1
-0.407	-1
-0.406	-1
-0.405	-1
-0.404	-1
-0.403	-1
-0.402	-1
-0.401	-1
-0.4	-1
-0.399	-1
-0.398	-1
-0.397	-1
-0.396	-1
-0.395	-1
-0.394	-1
-0.393	-1
-0.392	-1
-0.391	-1
-0.39	-1
-0.389	-1
-0.388	-1
-0.387	-1
-0.386	-1
-0.385	-1
-0.384	-1
-0.383	-1
-0.382	-1
-0.381	-1
-0.38	-1
-0.379	-1
-0.378	-1
-0.377	-1
-0.376	-1
-0.375	-1
-0.374	-1
-0.373	-1
-0.372	-1
-0.371	-1
-0.37	-1
-0.369	-1
-0.368	-1
-0.367	-1
-0.366	-1
-0.365	-1
-0.364	-1
-0.363	-1
-0.362	-1
-0.361	-1
-0.36	-1
-0.359	-1
-0.358	-1
-0.357	-1
-0.356	-1
-0.355	-1
-0.354	-1
-0.353	-1
-0.352	-1
-0.351	-1
-0.35	-1
-0.349	-1
-0.348	-1
-0.347	-1
-0.346	-1
-0.345	-1
-0.344	-1
-0.343	-1
-0.342	-1
-0.341	-1
-0.34	-1
-0.339	-1
-0.338	-1
-0.337	-1
-0.336	-1
-0.335	-1
-0.334	-1
-0.333	-1
-0.332	-1
-0.331	-1
-0.33	-1
-0.329	-1
-0.328	-1
-0.327	-1
-0.326	-1
-0.325	-1
-0.324	-1
-0.323	-1
-0.322	-1
-0.321	-1
-0.32	-1
-0.319	-1
-0.318	-1
-0.317	-1
-0.316	-1
-0.315	-1
-0.314	-1
-0.313	-1
-0.312	-1
-0.311	-1
-0.31	-1
-0.309	-1
-0.308	-1
-0.307	-1
-0.306	-1
-0.305	-1
-0.304	-1
-0.303	-1
-0.302	-1
-0.301	-1
-0.3	-1
-0.299	-1
-0.298	-1
-0.297	-1
-0.296	-1
-0.295	-1
-0.294	-1
-0.293	-1
-0.292	-1
-0.291	-1
-0.29	-1
-0.289	-1
-0.288	-1
-0.287	-1
-0.286	-1
-0.285	-1
-0.284	-1
-0.283	-1
-0.282	-1
-0.281	-1
-0.28	-1
-0.279	-1
-0.278	-1
-0.277	-1
-0.276	-1
-0.275	-1
-0.274	-1
-0.273	-1
-0.272	-1
-0.271	-1
-0.27	-1
-0.269	-1
-0.268	-1
-0.267	-1
-0.266	-1
-0.265	-1
-0.264	-1
-0.263	-1
-0.262	-1
-0.261	-1
-0.26	-1
-0.259	-1
-0.258	-1
-0.257	-1
-0.256	-1
-0.255	-1
-0.254	-1
-0.253	-1
-0.252	-1
-0.251	-1
-0.25	-1
-0.249	-1
-0.248	-1
-0.247	-1
-0.246	-1
-0.245	-1
-0.244	-1
-0.243	-1
-0.242	-1
-0.241	-1
-0.24	-1
-0.239	-1
-0.238	-1
-0.237	-1
-0.236	-1
-0.235	-1
-0.234	-1
-0.233	-1
-0.232	-1
-0.231	-1
-0.23	-1
-0.229	-1
-0.228	-1
-0.227	-1
-0.226	-1
-0.225	-1
-0.224	-1
-0.223	-1
-0.222	-1
-0.221	-1
-0.22	-1
-0.219	-1
-0.218	-1
-0.217	-1
-0.216	-1
-0.215	-1
-0.214	-1
-0.213	-1
-0.212	-1
-0.211	-1
-0.21	-1
-0.209	-1
-0.208	-1
-0.207	-1
-0.206	-1
-0.205	-1
-0.204	-1
-0.203	-1
-0.202	-1
-0.201	-1
-0.2	-1
-0.199	-1
-0.198	-1
-0.197	-1
-0.196	-1
-0.195	-1
-0.194	-1
-0.193	-1
-0.192	-1
-0.191	-1
-0.19	-1
-0.189	-1
-0.188	-1
-0.187	-1
-0.186	-1
-0.185	-1
-0.184	-1
-0.183	-1
-0.182	-1
-0.181	-1
-0.18	-1
-0.179	-1
-0.178	-1
-0.177	-1
-0.176	-1
-0.175	-1
-0.174	-1
-0.173	-1
-0.172	-1
-0.171	-1
-0.17	-1
-0.169	-1
-0.168	-1
-0.167	-1
-0.166	-1
-0.165	-1
-0.164	-1
-0.163	-1
-0.162	-1
-0.161	-1
-0.16	-1
-0.159	-1
-0.158	-1
-0.157	-1
-0.156	-1
-0.155	-1
-0.154	-1
-0.153	-1
-0.152	-1
-0.151	-1
-0.15	-1
-0.149	-1
-0.148	-1
-0.147	-1
-0.146	-1
-0.145	-1
-0.144	-1
-0.143	-1
-0.142	-1
-0.141	-1
-0.14	-1
-0.139	-1
-0.138	-1
-0.137	-1
-0.136	-1
-0.135	-1
-0.134	-1
-0.133	-1
-0.132	-1
-0.131	-1
-0.13	-1
-0.129	-1
-0.128	-1
-0.127	-1
-0.126	-1
-0.125	-1
-0.124	-1
-0.123	-1
-0.122	-1
-0.121	-1
-0.12	-1
-0.119	-1
-0.118	-1
-0.117	-1
-0.116	-1
-0.115	-1
-0.114	-1
-0.113	-1
-0.112	-1
-0.111	-1
-0.11	-1
-0.109	-1
-0.108	-1
-0.107	-1
-0.106	-1
-0.105	-1
-0.104	-1
-0.103	-1
-0.102	-1
-0.101	-1
-0.1	-1
-0.0990004	-1
-0.0980004	-1
-0.0970004	-1
-0.0960004	-1
-0.0950004	-1
-0.0940004	-1
-0.0930004	-1
-0.0920004	-1
-0.0910004	-1
-0.0900004	-1
-0.0890004	-1
-0.0880004	-1
-0.0870004	-1
-0.0860004	-1
-0.0850004	-1
-0.0840004	-1
-0.0830004	-1
-0.0820004	-1
-0.0810004	-1
-0.0800004	-1
-0.0790004	-1
-0.0780004	-1
-0.0770004	-1
-0.0760004	-1
-0.0750004	-1
-0.0740004	-1
-0.0730004	-1
-0.0720004	-1
-0.0710004	-1
-0.0700004	-1
-0.0690004	-1
-0.0680004	-1
-0.0670004	-1
-0.0660004	-1
-0.0650004	-1
-0.0640004	-1
-0.0630004	-1
-0.0620004	-1
-0.0610004	-1
-0.0600004	-1
-0.0590004	-1
-0.0580004	-1
-0.0570004	-1
-0.0560004	-1
-0.0550004	-1
-0.0540004	-1
-0.0530004	-1
-0.0520004	-1
-0.0510004	-1
-0.0500004	-1
-0.0490004	-1
-0.0480004	-1
-0.0470004	-1
-0.0460004	-1
-0.0450004	-1
-0.0440004	-1
-0.0430004	-1
-0.0420004	-1
-0.0410004	-1
-0.0400004	-1
-0.0390004	-1
-0.0380004	-1
-0.0370004	-1
-0.0360004	-1
-0.0350004	-1
-0.0340004	-1
-0.0330004	-1
-0.0320004	-1
-0.0310004	-1
-0.0300004	-1
-0.0290004	-1
-0.0280004	-1
-0.0270004	-1
-0.0260004	-1
-0.0250004	-1
-0.0240004	-1
-0.0230004	-1
-0.0220004	-1
-0.0210004	-1
-0.0200004	-1
-0.0190004	-1
-0.0180004	-1
-0.0170004	-1
-0.0160004	-1
-0.0150004	-1
-0.0140004	-1
-0.0130004	-1
-0.0120004	-1
-0.0110004	-1
-0.0100004	-1
-0.00900044	-1
-0.00800044	-1
-0.00700044	-1
-0.00600044	-1
-0.00500044	-1
-0.00400044	-1
-0.00300044	-1
-0.00200044	-1
-0.00100044	-1
-4.35065e-007	-1
0.000999565	-1
0.00199956	-1
0.00299956	-1
0.00399956	-1
0.00499956	-1
0.00599956	-1
0.00699956	-1
0.00799956	-1
0.00899956	-1
0.00999956	-1
0.0109996	-1
0.0119996	-1
0.0129996	-1
0.0139996	-1
0.0149996	-1
0.0159996	-1
0.0169996	-1
0.0179996	-1
0.0189996	-1
0.0199996	-1
0.0209996	-1
0.0219996	-1
0.0229996	-1
0.0239996	-1
0.0249996	-1
0.0259996	-1
0.0269996	-1
0.0279996	-1
0.0289996	-1
0.0299996	-1
0.0309996	-1
0.0319996	-1
0.0329996	-1
0.0339996	-1
0.0349996	-1
0.0359996	-1
0.0369996	-1
0.0379996	-1
0.0389996	-1
0.0399996	-1
0.0409996	-1
0.0419996	-1
0.0429996	-1
0.0439996	-1
0.0449996	-1
0.0459996	-1
0.0469996	-1
0.0479996	-1
0.0489996	-1
0.0499996	-1
0.0509996	-1
0.0519996	-1
0.0529996	-1
0.0539996	-1
0.0549996	-1
0.0559996	-1
0.0569996	-1
0.0579996	-1
0.0589996	-1
0.0599996	-1
0.0609996	-1
0.0619996	-1
0.0629996	-1
0.0639996	-1
0.0649996	-1
0.0659996	-1
0.0669996	-1
0.0679996	-1
0.0689996	-1
0.0699996	-1
0.0709996	-1
0.0719996	-1
0.0729996	-1
0.0739996	-1
0.0749996	-1
0.0759996	-1
0.0769996	-1
0.0779996	-1
0.0789996	-1
0.0799996	-1
0.0809996	-1
0.0819996	-1
0.0829996	-1
0.0839996	-1
0.0849996	-1
0.0859996	-1
0.0869996	-1
0.0879996	-1
0.0889996	-1
0.0899996	-1
0.0909996	-1
0.0919996	-1
0.0929996	-1
0.0939996	-1
0.0949996	-1
0.0959996	-1
0.0969996	-1
0.0979996	-1
0.0989996	-1
0.0999996	-1
0.101	-1
0.102	-1
0.103	-1
0.104	-1
0.105	-1
0.106	-1
0.107	-1
0.108	-1
0.109	-1
0.11	-1
0.111	-1
0.112	-1
0.113	-1
0.114	-1
0.115	-1
0.116	-1
0.117	-1
0.118	-1
0.119	-1
0.12	-1
0.121	-1
0.122	-1
0.123	-1
0.124	-1
0.125	-1
0.126	-1
0.127	-1
0.128	-1
0.129	-1
0.13	-1
0.131	-1
0.132	-1
0.133	-1
0.134	-1
0.135	-1
0.136	-1
0.137	-1
0.138	-1
0.139	-1
0.14	-1
0.141	-1
0.142	-1
0.143	-1
0.144	-1
0.145	-1
0.146	-1
0.147	-1
0.148	-1
0.149	-1
0.15	-1
0.151	-1
0.152	-1
0.153	-1
0.154	-1
0.155	-1
0.156	-1
0.157	-1
0.158	-1
0.159	-1
0.16	-1
0.161	-1
0.162	-1
0.163	-1
0.164	-1
0.165	-1
0.166	-1
0.167	-1
0.168	-1
0.169	-1
0.17	-1
0.171	-1
0.172	-1
0.173	-1
0.174	-1
0.175	-1
0.176	-1
0.177	-1
0.178	-1
0.179	-1
0.18	-1
0.181	-1
0.182	-1
0.183	-1
0.184	-1
0.185	-1
0.186	-1
0.187	-1
0.188	-1
0.189	-1
0.19	-1
0.191	-1
0.192	-1
0.193	-1
0.194	-1
0.195	-1
0.196	-1
0.197	-1
0.198	-1
0.199	-1
0.2	-1
0.201	-1
0.202	-1
0.203	-1
0.204	-1
0.205	-1
0.206	-1
0.207	-1
0.208	-1
0.209	-1
0.21	-1
0.211	-1
0.212	-1
0.213	-1
0.214	-1
0.215	-1
0.216	-1
0.217	-1
0.218	-1
0.219	-1
0.22	-1
0.221	-1
0.222	-1
0.223	-1
0.224	-1
0.225	-1
0.226	-1
0.227	-1
0.228	-1
0.229	-1
0.23	-1
0.231	-1
0.232	-1
0.233	-1
0.234	-1
0.235	-1
0.236	-1
0.237	-1
0.238	-1
0.239	-1
0.24	-1
0.241	-1
0.242	-1
0.243	-1
0.244	-1
0.245	-1
0.246	-1
0.247	-1
0.248	-1
0.249	-1
0.25	-1
0.251	-1
0.252	-1
0.253	-1
0.254	-1
0.255	-1
0.256	-1
0.257	-1
0.258	-1
0.259	-1
0.26	-1
0.261	-1
0.262	-1
0.263	-1
0.264	-1
0.265	-1
0.266	-1
0.267	-1
0.268	-1
0.269	-1
0.27	-1
0.271	-1
0.272	-1
0.273	-1
0.274	-1
0.275	-1
0.276	-1
0.277	-1
0.278	-1
0.279	-1
0.28	-1
0.281	-1
0.282	-1
0.283	-1
0.284	-1
0.285	-1
0.286	-1
0.287	-1
0.288	-1
0.289	-1
0.29	-1
0.291	-1
0.292	-1
0.293	-1
0.294	-1
0.295	-1
0.296	-1
0.297	-1
0.298	-1
0.299	-1
0.3	-1
0.301	-1
0.302	-1
0.303	-1
0.304	-1
0.305	-1
0.306	-1
0.307	-1
0.308	-1
0.309	-1
0.31	-1
0.311	-1
0.312	-1
0.313	-1
0.314	-1
0.315	-1
0.316	-1
0.317	-1
0.318	-1
0.319	-1
0.32	-1
0.321	-1
0.322	-1
0.323	-1
0.324	-1
0.325	-1
0.326	-1
0.327	-1
0.328	-1
0.329	-1
0.33	-1
0.331	-1
0.332	-1
0.333	-1
0.334	-1
0.335	-1
0.336	-1
0.337	-1
0.338	-1
0.339	-1
0.34	-1
0.341	-1
0.342	-1
0.343	-1
0.344	-1
0.345	-1
0.346	-1
0.347	-1
0.348	-1
0.349	-1
0.35	-1
0.351	-1
0.352	-1
0.353	-1
0.354	-1
0.355	-1
0.356	-1
0.357	-1
0.358	-1
0.359	-1
0.36	-1
0.361	-1
0.362	-1
0.363	-1
0.364	-1
0.365	-1
0.366	-1
0.367	-1
0.368	-1
0.369	-1
0.37	-1
0.371	-1
0.372	-1
0.373	-1
0.374	-1
0.375	-1
0.376	-1
0.377	-1
0.378	-1
0.379	-1
0.38	-1
0.381	-1
0.382	-1
0.383	-1
0.384	-1
0.385	-1
0.386	-1
0.387	-1
0.388	-1
0.389	-1
0.39	-1
0.391	-1
0.392	-1
0.393	-1
0.394	-1
0.395	-1
0.396	-1
0.397	-1
0.398	-1
0.399	-1
0.4	-1
0.401	-1
0.402	-1
0.403	-1
0.404	-1
0.405	-1
0.406	-1
0.407	-1
0.408	-1
0.409	-1
0.41	-1
0.411	-1
0.412	-1
0.413	-1
0.414	-1
0.415	-1
0.416	-1
0.417	-1
0.418	-1
0.419	-1
0.42	-1
0.421	-1
0.422	-1
0.423	-1
0.424	-1
0.425	-1
0.426	-1
0.427	-1
0.428	-1
0.429	-1
0.43	-1
0.431	-1
0.432	-1
0.433	-1
0.434	-1
0.435	-1
0.436	-1
0.437	-1
0.438	-1
0.439	-1
0.44	-1
0.441	-1
0.442	-1
0.443	-1
0.444	-1
0.445	-1
0.446	-1
0.447	-1
0.448	-1
0.449	-1
0.45	-1
0.451	-1
0.452	-1
0.453	-1
0.454	-1
0.455	-1
0.456	-1
0.457	-1
0.458	-1
0.459	-1
0.46	-1
0.461	-1
0.462	-1
0.463	-1
0.464	-1
0.465	-1
0.466	-1
0.467	-1
0.468	-1
0.469	-1
0.47	-1
0.471	-1
0.472	-1
0.473	-1
0.474	-1
0.475	-1
0.476	-1
0.477	-1
0.478	-1
0.479	-1
0.48	-1
0.481	-1
0.482	-1
0.483	-1
0.484	-1
0.485	-1
0.486	-1
0.487	-1
0.488	-1
0.489	-1
0.49	-1
0.491	-1
0.492	-1
0.493	-1
0.494	-1
0.495	-1
0.496	-1
0.497	-1
0.498	-1
0.499	-1
0.5	-1
0.501	-1
0.502	-1
0.503	-1
0.504	-1
0.505	-1
0.506	-1
0.507	-1
0.508	-1
0.509	-1
0.51	-1
0.511	-1
0.512	-1
0.513	-1
0.514	-1
0.515	-1
0.516	-1
0.517	-1
0.518	-1
0.519	-1
0.52	-1
0.521	-1
0.522	-1
0.523	-1
0.524	-1
0.525	-1
0.526	-1
0.527	-1
0.528	-1
0.529	-1
0.53	-1
0.531	-1
0.532	-1
0.533	-1
0.534	-1
0.535	-1
0.536	-1
0.537	-1
0.538	-1
0.539	-1
0.54	-1
0.541	-1
0.542	-1
0.543	-1
0.544	-1
0.545	-1
0.546	-1
0.547	-1
0.548	-1
0.549	-1
0.55	-1
0.551	-1
0.552	-1
0.553	-1
0.554	-1
0.555	-1
0.556	-1
0.557	-1
0.558	-1
0.559	-1
0.56	-1
0.561	-1
0.562	-1
0.563	-1
0.564	-1
0.565	-1
0.566	-1
0.567	-1
0.568	-1
0.569	-1
0.57	-1
0.571	-1
0.572	-1
0.573	-1
0.574	-1
0.575	-1
0.576	-1
0.577	-1
0.578	-1
0.579	-1
0.58	-1
0.581	-1
0.582	-1
0.583	-1
0.584	-1
0.585	-1
0.586	-1
0.587	-1
0.588	-1
0.589	-1
0.59	-1
0.591	-1
0.592	-1
0.593	-1
0.594	-1
0.595	-1
0.596	-1
0.597	-1
0.598	-1
0.599	-1
0.6	-1
0.601	-1
0.602	-1
0.603	-1
0.604	-1
0.605	-1
0.606	-1
0.607	-1
0.608	-1
0.609	-1
0.61	-1
0.611	-1
0.612	-1
0.613	-1
0.614	-1
0.615	-1
0.616	-1
0.617	-1
0.618	-1
0.619	-1
0.62	-1
0.621	-1
0.622	-1
0.623	-1
0.624	-1
0.625	-1
0.626	-1
0.627	-1
0.628	-1
0.629	-1
0.63	-1
0.631	-1
0.632	-1
0.633	-1
0.634	-1
0.635	-1
0.636	-1
0.637	-1
0.638	-1
0.639	-1
0.64	-1
0.641	-1
0.642	-1
0.643	-1
0.644	-1
0.645	-1
0.646	-1
0.647	-1
0.648	-1
0.649	-1
0.65	-1
0.651	-1
0.652	-1
0.653	-1
0.654	-1
0.655	-1
0.656	-1
0.657	-1
0.658	-1
0.659	-1
0.66	-1
0.661	-1
0.662	-1
0.663	-1
0.664	-1
0.665	-1
0.666	-1
0.667	-1
0.668	-1
0.669	-1
0.67	-1
0.671	-1
0.672	-1
0.673	-1
0.674	-1
0.675	-1
0.676	-1
0.677	-1
0.678	-1
0.679	-1
0.68	-1
0.681	-1
0.682	-1
0.683	-1
0.684	-1
0.685	-1
0.686	-1
0.687	-1
0.688	-1
0.689	-1
0.69	-1
0.691	-1
0.692	-1
0.693	-1
0.694	-1
0.695	-1
0.696	-1
0.697	-1
0.698	-1
0.699	-1
0.7	-1
0.701	-1
0.702	-1
0.703	-1
0.704	-1
0.705	-1
0.706	-1
0.707	-1
0.708	-1
0.709	-1
0.71	-1
0.711	-1
0.712	-1
0.713	-1
0.714	-1
0.715	-1
0.716	-1
0.717	-1
0.718	-1
0.719	-1
0.72	-1
0.721	-1
0.722	-1
0.723	-1
0.724	-1
0.725	-1
0.726	-1
0.727	-1
0.728	-1
0.729	-1
0.73	-1
0.731	-1
0.732	-1
0.733	-1
0.734	-1
0.735	-1
0.736	-1
0.737	-1
0.738	-1
0.739	-1
0.74	-1
0.741	-1
0.742	-1
0.743	-1
0.744	-1
0.745	-1
0.746	-1
0.747	-1
0.748	-1
0.749	-1
0.75	-1
0.751	-1
0.752	-1
0.753	-1
0.754	-1
0.755	-1
0.756	-1
0.757	-1
0.758	-1
0.759	-1
0.76	-1
0.761	-1
0.762	-1
0.763	-1
0.764	-1
0.765	-1
0.766	-1
0.767	-1
0.768	-1
0.769	-1
0.77	-1
0.771	-1
0.772	-1
0.773	-1
0.774	-1
0.775	-1
0.776	-1
0.777	-1
0.778	-1
0.779	-1
0.78	-1
0.781	-1
0.782	-1
0.783	-1
0.784	-1
0.785	-1
0.786	-1
0.787	-1
0.788	-1
0.789	-1
0.79	-1
0.791	-1
0.792	-1
0.793	-1
0.794	-1
0.795	-1
0.796	-1
0.797	-1
0.798	-1
0.799	-1
0.8	-1
0.801	-1
0.802	-1
0.803	-1
0.804	-1
0.805	-1
0.806	-1
0.807	-1
0.808	-1
0.809	-1
0.81	-1
0.811	-1
0.812	-1
0.813	-1
0.814	-1
0.815	-1
0.816	-1
0.817	-1
0.818	-1
0.819	-1
0.82	-1
0.821	-1
0.822	-1
0.823	-1
0.824	-1
0.825	-1
0.826	-1
0.827	-1
0.828	-1
0.829	-1
0.83	-1
0.831	-1
0.832	-1
0.833	-1
0.834	-1
0.835	-1
0.836	-1
0.837	-1
0.838	-1
0.839	-1
0.84	-1
0.841	-1
0.842	-1
0.843	-1
0.844	-1
0.845	-1
0.846	-1
0.847	-1
0.848	-1
0.849	-1
0.85	-1
0.851	-1
0.852	-1
0.853	-1
0.854	-1
0.855	-1
0.856	-1
0.857	-1
0.858	-1
0.859	-1
0.86	-1
0.861	-1
0.862	-1
0.863	-1
0.864	-1
0.865	-1
0.866	-1
0.867	-1
0.868	-1
0.869	-1
0.87	-1
0.871	-1
0.872	-1
0.873	-1
0.874	-1
0.875	-1
0.876	-1
0.877	-1
0.878	-1
0.879	-1
0.88	-1
0.881	-1
0.882	-1
0.883	-1
0.884	-1
0.885	-1
0.886	-1
0.887	-1
0.888	-1
0.889	-1
0.89	-1
0.891	-1
0.892	-1
0.893	-1
0.894	-1
0.895	-1
0.896	-1
0.897	-1
0.898	-1
0.899	-1
0.9	-1
0.901	-1
0.902	-1
0.903	-1
0.904	-1
0.905	-1
0.906	-1
0.907	-1
0.908	-1
0.909	-1
0.91	-1
0.911	-1
0.912	-1
0.913	-1
0.914	-1
0.915	-1
0.916	-1
0.917	-1
0.918	-1
0.919	-1
0.92	-1
0.921	-1
0.922	-1
0.923	-1
0.924	-1
0.925	-1
0.926	-1
0.927	-1
0.928	-1
0.929	-1
0.93	-1
0.931	-1
0.932	-1
0.933	-1
0.934	-1
0.935	-1
0.936	-1
0.937	-1
0.938	-1
0.939	-1
0.94	-1
0.941	-1
0.942	-1
0.943	-1
0.944	-1
0.945	-1
0.946	-1
0.947	-1
0.948	-1
0.949	-1
0.95	-1
0.951	-1
0.952	-1
0.953	-1
0.954	-1
0.955	-1
0.956	-1
0.957	-1
0.958	-1
0.959	-1
0.96	-1
0.961	-1
0.962	-1
0.963	-1
0.964	-1
0.965	-1
0.966	-1
0.967	-1
0.968	-1
0.969	-1
0.97	-1
0.971	-1
0.972	-1
0.973	-1
0.974	-1
0.975	-1
0.976	-1
0.977	-1
0.978	-1
0.979	-1
0.98	-1
0.981	-1
0.982	-1
0.983	-1
0.984	-1
0.985	-1
0.986	-1
0.987	-1
0.988	-1
0.989	-1
0.99	-1
0.991	-1
0.992	-1
0.993	-1
0.994	-1
0.995	-1
0.996	-1
0.997	-1
0.998	-1
0.999	-1
1	-1
1	-0.999
1	-0.998
1	-0.997
1	-0.996
1	-0.995
1	-0.994
1	-0.993
1	-0.992
1	-0.991
1	-0.99
1	-0.989
1	-0.988
1	-0.987
1	-0.986
1	-0.985
1	-0.984
1	-0.983
1	-0.982
1	-0.981
1	-0.98
1	-0.979
1	-0.978
1	-0.977
1	-0.976
1	-0.975
1	-0.974
1	-0.973
1	-0.972
1	-0.971
1	-0.97
1	-0.969
1	-0.968
1	-0.967
1	-0.966
1	-0.965
1	-0.964
1	-0.963
1	-0.962
1	-0.961
1	-0.96
1	-0.959
1	-0.958
1	-0.957
1	-0.956
1	-0.955
1	-0.954
1	-0.953
1	-0.952
1	-0.951
1	-0.95
1	-0.949
1	-0.948
1	-0.947
1	-0.946
1	-0.945
1	-0.944
1	-0.943
1	-0.942
1	-0.941
1	-0.94
1	-0.939
1	-0.938
1	-0.937
1	-0.936
1	-0.935
1	-0.934
1	-0.933
1	-0.932
1	-0.931
1	-0.93
1	-0.929
1	-0.928
1	-0.927
1	-0.926
1	-0.925
1	-0.924
1	-0.923
1	-0.922
1	-0.921
1	-0.92
1	-0.919
1	-0.918
1	-0.917
1	-0.916
1	-0.915
1	-0.914
1	-0.913
1	-0.912
1	-0.911
1	-0.91
1	-0.909
1	-0.908
1	-0.907
1	-0.906
1	-0.905
1	-0.904
1	-0.903
1	-0.902
1	-0.901
1	-0.9
1	-0.899
1	-0.898
1	-0.897
1	-0.896
1	-0.895
1	-0.894
1	-0.893
1	-0.892
1	-0.891
1	-0.89
1	-0.889
1	-0.888
1	-0.887
1	-0.886
1	-0.885
1	-0.884
1	-0.883
1	-0.882
1	-0.881
1	-0.88
1	-0.879
1	-0.878
1	-0.877
1	-0.876
1	-0.875
1	-0.874
1	-0.873
1	-0.872
1	-0.871
1	-0.87
1	-0.869
1	-0.868
1	-0.867
1	-0.866
1	-0.865
1	-0.864
1	-0.863
1	-0.862
1	-0.861
1	-0.86
1	-0.859
1	-0.858
1	-0.857
1	-0.856
1	-0.855
1	-0.854
1	-0.853
1	-0.852
1	-0.851
1	-0.85
1	-0.849
1	-0.848
1	-0.847
1	-0.846
1	-0.845
1	-0.844
1	-0.843
1	-0.842
1	-0.841
1	-0.84
1	-0.839
1	-0.838
1	-0.837
1	-0.836
1	-0.835
1	-0.834
1	-0.833
1	-0.832
1	-0.831
1	-0.83
1	-0.829
1	-0.828
1	-0.827
1	-0.826
1	-0.825
1	-0.824
1	-0.823
1	-0.822
1	-0.821
1	-0.82
1	-0.819
1	-0.818
1	-0.817
1	-0.816
1	-0.815
1	-0.814
1	-0.813
1	-0.812
1	-0.811
1	-0.81
1	-0.809
1	-0.808
1	-0.807
1	-0.806
1	-0.805
1	-0.804
1	-0.803
1	-0.802
1	-0.801
1	-0.8
1	-0.799
1	-0.798
1	-0.797
1	-0.796
1	-0.795
1	-0.794
1	-0.793
1	-0.792
1	-0.791
1	-0.79
1	-0.789
1	-0.788
1	-0.787
1	-0.786
1	-0.785
1	-0.784
1	-0.783
1	-0.782
1	-0.781
1	-0.78
1	-0.779
1	-0.778
1	-0.777
1	-0.776
1	-0.775
1	-0.774
1	-0.773
1	-0.772
1	-0.771
1	-0.77
1	-0.769
1	-0.768
1	-0.767
1	-0.766
1	-0.765
1	-0.764
1	-0.763
1	-0.762
1	-0.761
1	-0.76
1	-0.759
1	-0.758
1	-0.757
1	-0.756
1	-0.755
1	-0.754
1	-0.753
1	-0.752
1	-0.751
1	-0.75
1	-0.749
1	-0.748
1	-0.747
1	-0.746
1	-0.745
1	-0.744
1	-0.743
1	-0.742
1	-0.741
1	-0.74
1	-0.739
1	-0.738
1	-0.737
1	-0.736
1	-0.735
1	-0.734
1	-0.733
1	-0.732
1	-0.731
1	-0.73
1	-0.729
1	-0.728
1	-0.727
1	-0.726
1	-0.725
1	-0.724
1	-0.723
1	-0.722
1	-0.721
1	-0.72
1	-0.719
1	-0.718
1	-0.717
1	-0.716
1	-0.715
1	-0.714
1	-0.713
1	-0.712
1	-0.711
1	-0.71
1	-0.709
1	-0.708
1	-0.707
1	-0.706
1	-0.705
1	-0.704
1	-0.703
1	-0.702
1	-0.701
1	-0.7
1	-0.699
1	-0.698
1	-0.697
1	-0.696
1	-0.695
1	-0.694
1	-0.693
1	-0.692
1	-0.691
1	-0.69
1	-0.689
1	-0.688
1	-0.687
1	-0.686
1	-0.685
1	-0.684
1	-0.683
1	-0.682
1	-0.681
1	-0.68
1	-0.679
1	-0.678
1	-0.677
1	-0.676
1	-0.675
1	-0.674
1	-0.673
1	-0.672
1	-0.671
1	-0.67
1	-0.669
1	-0.668
1	-0.667
1	-0.666
1	-0.665
1	-0.664
1	-0.663
1	-0.662
1	-0.661
1	-0.66
1	-0.659
1	-0.658
1	-0.657
1	-0.656
1	-0.655
1	-0.654
1	-0.653
1	-0.652
1	-0.651
1	-0.65
1	-0.649
1	-0.648
1	-0.647
1	-0.646
1	-0.645
1	-0.644
1	-0.643
1	-0.642
1	-0.641
1	-0.64
1	-0.639
1	-0.638
1	-0.637
1	-0.636
1	-0.635
1	-0.634
1	-0.633
1	-0.632
1	-0.631
1	-0.63
1	-0.629
1	-0.628
1	-0.627
1	-0.626
1	-0.625
1	-0.624
1	-0.623
1	-0.622
1	-0.621
1	-0.62
1	-0.619
1	-0.618
1	-0.617
1	-0.616
1	-0.615
1	-0.614
1	-0.613
1	-0.612
1	-0.611
1	-0.61
1	-0.609
1	-0.608
1	-0.607
1	-0.606
1	-0.605
1	-0.604
1	-0.603
1	-0.602
1	-0.601
1	-0.6
1	-0.599
1	-0.598
1	-0.597
1	-0.596
1	-0.595
1	-0.594
1	-0.593
1	-0.592
1	-0.591
1	-0.59
1	-0.589
1	-0.588
1	-0.587
1	-0.586
1	-0.585
1	-0.584
1	-0.583
1	-0.582
1	-0.581
1	-0.58
1	-0.579
1	-0.578
1	-0.577
1	-0.576
1	-0.575
1	-0.574
1	-0.573
1	-0.572
1	-0.571
1	-0.57
1	-0.569
1	-0.568
1	-0.567
1	-0.566
1	-0.565
1	-0.564
1	-0.563
1	-0.562
1	-0.561
1	-0.56
1	-0.559
1	-0.558
1	-0.557
1	-0.556
1	-0.555
1	-0.554
1	-0.553
1	-0.552
1	-0.551
1	-0.55
1	-0.549
1	-0.548
1	-0.547
1	-0.546
1	-0.545
1	-0.544
1	-0.543
1	-0.542
1	-0.541
1	-0.54
1	-0.539
1	-0.538
1	-0.537
1	-0.536
1	-0.535
1	-0.534
1	-0.533
1	-0.532
1	-0.531
1	-0.53
1	-0.529
1	-0.528
1	-0.527
1	-0.526
1	-0.525
1	-0.524
1	-0.523
1	-0.522
1	-0.521
1	-0.52
1	-0.519
1	-0.518
1	-0.517
1	-0.516
1	-0.515
1	-0.514
1	-0.513
1	-0.512
1	-0.511
1	-0.51
1	-0.509
1	-0.508
1	-0.507
1	-0.506
1	-0.505
1	-0.504
1	-0.503
1	-0.502
1	-0.501
1	-0.5
1	-0.499
1	-0.498
1	-0.497
1	-0.496
1	-0.495
1	-0.494
1	-0.493
1	-0.492
1	-0.491
1	-0.49
1	-0.489
1	-0.488
1	-0.487
1	-0.486
1	-0.485
1	-0.484
1	-0.483
1	-0.482
1	-0.481
1	-0.48
1	-0.479
1	-0.478
1	-0.477
1	-0.476
1	-0.475
1	-0.474
1	-0.473
1	-0.472
1	-0.471
1	-0.47
1	-0.469
1	-0.468
1	-0.467
1	-0.466
1	-0.465
1	-0.464
1	-0.463
1	-0.462
1	-0.461
1	-0.46
1	-0.459
1	-0.458
1	-0.457
1	-0.456
1	-0.455
1	-0.454
1	-0.453
1	-0.452
1	-0.451
1	-0.45
1	-0.449
1	-0.448
1	-0.447
1	-0.446
1	-0.445
1	-0.444
1	-0.443
1	-0.442
1	-0.441
1	-0.44
1	-0.439
1	-0.438
1	-0.437
1	-0.436
1	-0.435
1	-0.434
1	-0.433
1	-0.432
1	-0.431
1	-0.43
1	-0.429
1	-0.428
1	-0.427
1	-0.426
1	-0.425
1	-0.424
1	-0.423
1	-0.422
1	-0.421
1	-0.42
1	-0.419
1	-0.418
1	-0.417
1	-0.416
1	-0.415
1	-0.414
1	-0.413
1	-0.412
1	-0.411
1	-0.41
1	-0.409
1	-0.408
1	-0.407
1	-0.406
1	-0.405
1	-0.404
1	-0.403
1	-0.402
1	-0.401
1	-0.4
1	-0.399
1	-0.398
1	-0.397
1	-0.396
1	-0.395
1	-0.394
1	-0.393
1	-0.392
1	-0.391
1	-0.39
1	-0.389
1	-0.388
1	-0.387
1	-0.386
1	-0.385
1	-0.384
1	-0.383
1	-0.382
1	-0.381
1	-0.38
1	-0.379
1	-0.378
1	-0.377
1	-0.376
1	-0.375
1	-0.374
1	-0.373
1	-0.372
1	-0.371
1	-0.37
1	-0.369
1	-0.368
1	-0.367
1	-0.366
1	-0.365
1	-0.364
1	-0.363
1	-0.362
1	-0.361
1	-0.36
1	-0.359
1	-0.358
1	-0.357
1	-0.356
1	-0.355
1	-0.354
1	-0.353
1	-0.352
1	-0.351
1	-0.35
1	-0.349
1	-0.348
1	-0.347
1	-0.346
1	-0.345
1	-0.344
1	-0.343
1	-0.342
1	-0.341
1	-0.34
1	-0.339
1	-0.338
1	-0.337
1	-0.336
1	-0.335
1	-0.334
1	-0.333
1	-0.332
1	-0.331
1	-0.33
1	-0.329
1	-0.328
1	-0.327
1	-0.326
1	-0.325
1	-0.324
1	-0.323
1	-0.322
1	-0.321
1	-0.32
1	-0.319
1	-0.318
1	-0.317
1	-0.316
1	-0.315
1	-0.314
1	-0.313
1	-0.312
1	-0.311
1	-0.31
1	-0.309
1	-0.308
1	-0.307
1	-0.306
1	-0.305
1	-0.304
1	-0.303
1	-0.302
1	-0.301
1	-0.3
1	-0.299
1	-0.298
1	-0.297
1	-0.296
1	-0.295
1	-0.294
1	-0.293
1	-0.292
1	-0.291
1	-0.29
1	-0.289
1	-0.288
1	-0.287
1	-0.286
1	-0.285
1	-0.284
1	-0.283
1	-0.282
1	-0.281
1	-0.28
1	-0.279
1	-0.278
1	-0.277
1	-0.276
1	-0.275
1	-0.274
1	-0.273
1	-0.272
1	-0.271
1	-0.27
1	-0.269
1	-0.268
1	-0.267
1	-0.266
1	-0.265
1	-0.264
1	-0.263
1	-0.262
1	-0.261
1	-0.26
1	-0.259
1	-0.258
1	-0.257
1	-0.256
1	-0.255
1	-0.254
1	-0.253
1	-0.252
1	-0.251
1	-0.25
1	-0.249
1	-0.248
1	-0.247
1	-0.246
1	-0.245
1	-0.244
1	-0.243
1	-0.242
1	-0.241
1	-0.24
1	-0.239
1	-0.238
1	-0.237
1	-0.236
1	-0.235
1	-0.234
1	-0.233
1	-0.232
1	-0.231
1	-0.23
1	-0.229
1	-0.228
1	-0.227
1	-0.226
1	-0.225
1	-0.224
1	-0.223
1	-0.222
1	-0.221
1	-0.22
1	-0.219
1	-0.218
1	-0.217
1	-0.216
1	-0.215
1	-0.214
1	-0.213
1	-0.212
1	-0.211
1	-0.21
1	-0.209
1	-0.208
1	-0.207
1	-0.206
1	-0.205
1	-0.204
1	-0.203
1	-0.202
1	-0.201
1	-0.2
1	-0.199
1	-0.198
1	-0.197
1	-0.196
1	-0.195
1	-0.194
1	-0.193
1	-0.192
1	-0.191
1	-0.19
1	-0.189
1	-0.188
1	-0.187
1	-0.186
1	-0.185
1	-0.184
1	-0.183
1	-0.182
1	-0.181
1	-0.18
1	-0.179
1	-0.178
1	-0.177
1	-0.176
1	-0.175
1	-0.174
1	-0.173
1	-0.172
1	-0.171
1	-0.17
1	-0.169
1	-0.168
1	-0.167
1	-0.166
1	-0.165
1	-0.164
1	-0.163
1	-0.162
1	-0.161
1	-0.16
1	-0.159
1	-0.158
1	-0.157
1	-0.156
1	-0.155
1	-0.154
1	-0.153
1	-0.152
1	-0.151
1	-0.15
1	-0.149
1	-0.148
1	-0.147
1	-0.146
1	-0.145
1	-0.144
1	-0.143
1	-0.142
1	-0.141
1	-0.14
1	-0.139
1	-0.138
1	-0.137
1	-0.136
1	-0.135
1	-0.134
1	-0.133
1	-0.132
1	-0.131
1	-0.13
1	-0.129
1	-0.128
1	-0.127
1	-0.126
1	-0.125
1	-0.124
1	-0.123
1	-0.122
1	-0.121
1	-0.12
1	-0.119
1	-0.118
1	-0.117
1	-0.116
1	-0.115
1	-0.114
1	-0.113
1	-0.112
1	-0.111
1	-0.11
1	-0.109
1	-0.108
1	-0.107
1	-0.106
1	-0.105
1	-0.104
1	-0.103
1	-0.102
1	-0.101
1	-0.1
1	-0.0990004
1	-0.0980004
1	-0.0970004
1	-0.0960004
1	-0.0950004
1	-0.0940004
1	-0.0930004
1	-0.0920004
1	-0.0910004
1	-0.0900004
1	-0.0890004
1	-0.0880004
1	-0.0870004
1	-0.0860004
1	-0.0850004
1	-0.0840004
1	-0.0830004
1	-0.0820004
1	-0.0810004
1	-0.0800004
1	-0.0790004
1	-0.0780004
1	-0.0770004
1	-0.0760004
1	-0.0750004
1	-0.0740004
1	-0.0730004
1	-0.0720004
1	-0.0710004
1	-0.0700004
1	-0.0690004
1	-0.0680004
1	-0.0670004
1	-0.0660004
1	-0.0650004
1	-0.0640004
1	-0.0630004
1	-0.0620004
1	-0.0610004
1	-0.0600004
1	-0.0590004
1	-0.0580004
1	-0.0570004
1	-0.0560004
1	-0.0550004
1	-0.0540004
1	-0.0530004
1	-0.0520004
1	-0.0510004
1	-0.0500004
1	-0.0490004
1	-0.0480004
1	-0.0470004
1	-0.0460004
1	-0.0450004
1	-0.0440004
1	-0.0430004
1	-0.0420004
1	-0.0410004
1	-0.0400004
1	-0.0390004
1	-0.0380004
1	-0.0370004
1	-0.0360004
1	-0.0350004
1	-0.0340004
1	-0.0330004
1	-0.0320004
1	-0.0310004
1	-0.0300004
1	-0.0290004
1	-0.0280004
1	-0.0270004
1	-0.0260004
1	-0.0250004
1	-0.0240004
1	-0.0230004
1	-0.0220004
1	-0.0210004
1	-0.0200004
1	-0.0190004
1	-0.0180004
1	-0.0170004
1	-0.0160004
1	-0.0150004
1	-0.0140004
1	-0.0130004
1	-0.0120004
1	-0.0110004
1	-0.0100004
1	-0.00900044
1	-0.00800044
1	-0.00700044
1	-0.00600044
1	-0.00500044
1	-0.00400044
1	-0.00300044
1	-0.00200044
1	-0.00100044
1	-4.35065e-007
