5	0	0	0.435779	-0.038053	0	4.99049
4.98097	0.435779	-0.0379806	0.43412	-0.0379082	-0.00331654	4.99049
4.92404	0.868241	-0.0756722	0.429158	-0.0374749	-0.00660784	4.99049
4.82963	1.2941	-0.112788	0.42093	-0.0367564	-0.00984885	4.99049
4.69846	1.7101	-0.149045	0.409498	-0.0357581	-0.0130149	4.99049
4.53154	2.11309	-0.184168	0.39495	-0.0344877	-0.0160819	4.99049
4.33013	2.5	-0.217889	0.377395	-0.0329549	-0.0190265	4.99049
4.09576	2.86788	-0.249952	0.356969	-0.0311712	-0.0218263	4.99049
3.83022	3.21394	-0.280113	0.333826	-0.0291503	-0.02446	4.99049
3.53553	3.53553	-0.308142	0.308142	-0.0269075	-0.0269075	4.99049
3.21394	3.83022	-0.333826	0.280113	-0.02446	-0.0291503	4.99049
2.86788	4.09576	-0.356969	0.249952	-0.0218263	-0.0311712	4.99049
2.5	4.33013	-0.377395	0.217889	-0.0190265	-0.0329549	4.99049
2.11309	4.53154	-0.39495	0.184168	-0.0160819	-0.0344877	4.99049
1.7101	4.69846	-0.409498	0.149045	-0.0130149	-0.0357581	4.99049
1.2941	4.82963	-0.42093	0.112788	-0.00984885	-0.0367564	4.99049
0.868241	4.92404	-0.429158	0.0756722	-0.00660784	-0.0374749	4.99049
0.435779	4.98097	-0.43412	0.0379806	-0.00331654	-0.0379082	4.99049
0	5	-0.435779	0	0	-0.038053	4.99049
-0.435779	4.98097	-0.43412	-0.0379806	0.00331654	-0.0379082	4.99049
-0.868241	4.92404	-0.429158	-0.0756722	0.00660784	-0.0374749	4.99049
-1.2941	4.82963	-0.42093	-0.112788	0.00984885	-0.0367564	4.99049
-1.7101	4.69846	-0.409498	-0.149045	0.0130149	-0.0357581	4.99049
-2.11309	4.53154	-0.39495	-0.184168	0.0160819	-0.0344877	4.99049
-2.5	4.33013	-0.377395	-0.217889	0.0190265	-0.0329549	4.99049
-2.86788	4.09576	-0.356969	-0.249952	0.0218263	-0.0311712	4.99049
-3.21394	3.83022	-0.333826	-0.280113	0.02446	-0.0291503	4.99049
-3.53553	3.53553	-0.308142	-0.308142	0.0269075	-0.0269075	4.99049
-3.83022	3.21394	-0.280113	-0.333826	0.0291503	-0.02446	4.99049
-4.09576	2.86788	-0.249952	-0.356969	0.0311712	-0.0218263	4.99049
-4.33013	2.5	-0.217889	-0.377395	0.0329549	-0.0190265	4.99049
-4.53154	2.11309	-0.184168	-0.39495	0.0344877	-0.0160819	4.99049
-4.69846	1.7101	-0.149045	-0.409498	0.0357581	-0.0130149	4.99049
-4.82963	1.2941	-0.112788	-0.42093	0.0367564	-0.00984885	4.99049
-4.92404	0.868241	-0.0756722	-0.429158	0.0374749	-0.00660784	4.99049
-4.98097	0.435779	-0.0379806	-0.43412	0.0379082	-0.00331654	4.99049
-5	0	0	-0.435779	0.038053	0	4.99049
-4.98097	-0.435779	0.0379806	-0.43412	0.0379082	0.00331654	4.99049
-4.92404	-0.868241	0.0756722	-0.429158	0.0374749	0.00660784	4.99049
-4.82963	-1.2941	0.112788	-0.42093	0.0367564	0.00984885	4.99049
-4.69846	-1.7101	0.149045	-0.409498	0.0357581	0.0130149	4.99049
-4.53154	-2.11309	0.184168	-0.39495	0.0344877	0.0160819	4.99049
-4.33013	-2.5	0.217889	-0.377395	0.0329549	0.0190265	4.99049
-4.09576	-2.86788	0.249952	-0.356969	0.0311712	0.0218263	4.99049
-3.83022	-3.21394	0.280113	-0.333826	0.0291503	0.02446	4.99049
-3.53553	-3.53553	0.308142	-0.308142	0.0269075	0.0269075	4.99049
-3.21394	-3.83022	0.333826	-0.280113	0.02446	0.0291503	4.99049
-2.86788	-4.09576	0.356969	-0.249952	0.0218263	0.0311712	4.99049
-2.5	-4.33013	0.377395	-0.217889	0.0190265	0.0329549	4.99049
-2.11309	-4.53154	0.39495	-0.184168	0.0160819	0.0344877	4.99049
-1.7101	-4.69846	0.409498	-0.149045	0.0130149	0.0357581	4.99049
-1.2941	-4.82963	0.42093	-0.112788	0.00984885	0.0367564	4.99049
-0.868241	-4.92404	0.429158	-0.0756722	0.00660784	0.0374749	4.99049
-0.435779	-4.98097	0.43412	-0.0379806	0.00331654	0.0379082	4.99049
0	-5	0.435779	0	0	0.038053	4.99049
0.435779	-4.98097	0.43412	0.0379806	-0.00331654	0.0379082	4.99049
0.868241	-4.92404	0.429158	0.0756722	-0.00660784	0.0374749	4.99049
1.2941	-4.82963	0.42093	0.112788	-0.00984885	0.0367564	4.99049
1.7101	-4.69846	0.409498	0.149045	-0.0130149	0.0357581	4.99049
2.11309	-4.53154	0.39495	0.184168	-0.0160819	0.0344877	4.99049
2.5	-4.33013	0.377395	0.217889	-0.0190265	0.0329549	4.99049
2.86788	-4.09576	0.356969	0.249952	-0.0218263	0.0311712	4.99049
3.21394	-3.83022	0.333826	0.280113	-0.02446	0.0291503	4.99049
3.53553	-3.53553	0.308142	0.308142	-0.0269075	0.0269075	4.99049
3.83022	-3.21394	0.280113	0.333826	-0.0291503	0.02446	4.99049
4.09576	-2.86788	0.249952	0.356969	-0.0311712	0.0218263	4.99049
4.33013	-2.5	0.217889	0.377395	-0.0329549	0.0190265	4.99049
4.53154	-2.11309	0.184168	0.39495	-0.0344877	0.0160819	4.99049
4.69846	-1.7101	0.149045	0.409498	-0.0357581	0.0130149	4.99049
4.82963	-1.2941	0.112788	0.42093	-0.0367564	0.00984885	4.99049
4.92404	-0.868241	0.0756722	0.429158	-0.0374749	0.00660784	4.99049
4.98097	-0.435779	0.0379806	0.43412	-0.0379082	0.00331654	4.99049
