1	-5.01	5.01	0	1	1
2	5.01	5.01	0	1	1
3	-5.01	-5.01	0	1	1
4	5.01	-5.01	0	1	1
5	0	5.01	0	1	1
6	-5.01	0	0	1	1
7	0	0	0	1	0
8	5.01	0	0	1	1
9	0	-5.01	0	1	1
10	2.505	5.01	0	1	1
11	0	2.505	0	1	0
12	2.505	2.505	0	1	0
13	5.01	2.505	0	1	1
14	2.505	0	0	1	0
15	3.7575	5.01	0	1	1
16	2.505	3.7575	0	1	0
17	3.7575	3.7575	0	1	0
18	5.01	3.7575	0	1	1
19	3.7575	2.505	0	1	0
20	4.38375	3.7575	0	1	0
21	3.7575	3.13125	0	1	0
22	4.38375	3.13125	0	1	0
23	5.01	3.13125	0	1	1
24	4.38375	2.505	0	1	0
25	2.505	1.2525	0	1	0
26	3.7575	1.2525	0	1	0
27	5.01	1.2525	0	1	1
28	3.7575	0	0	1	0
29	3.7575	1.87875	0	1	0
30	4.38375	1.87875	0	1	0
31	5.01	1.87875	0	1	1
32	4.38375	1.2525	0	1	0
33	0	-2.505	0	1	0
34	2.505	-2.505	0	1	0
35	5.01	-2.505	0	1	1
36	2.505	-5.01	0	1	1
37	2.505	-1.2525	0	1	0
38	3.7575	-1.2525	0	1	0
39	5.01	-1.2525	0	1	1
40	3.7575	-2.505	0	1	0
41	-2.505	0	0	1	0
42	-5.01	-2.505	0	1	1
43	-2.505	-2.505	0	1	0
44	-2.505	-5.01	0	1	1
45	1.2525	2.505	0	1	0
46	0	1.2525	0	1	0
47	1.2525	1.2525	0	1	0
48	1.2525	0	0	1	0
49	0	-1.2525	0	1	0
50	1.2525	-1.2525	0	1	0
51	1.2525	-2.505	0	1	0
52	-1.2525	0	0	1	0
53	-2.505	-1.2525	0	1	0
54	-1.2525	-1.2525	0	1	0
55	-1.2525	-2.505	0	1	0
56	-2.505	5.01	0	1	1
57	-5.01	2.505	0	1	1
58	-2.505	2.505	0	1	0
59	-1.2525	2.505	0	1	0
60	-2.505	1.2525	0	1	0
61	-1.2525	1.2525	0	1	0
62	3.13125	3.7575	0	1	0
63	2.505	3.13125	0	1	0
64	3.13125	3.13125	0	1	0
65	3.13125	2.505	0	1	0
66	2.505	1.87875	0	1	0
67	3.13125	1.87875	0	1	0
68	3.13125	1.2525	0	1	0
69	1.87875	2.505	0	1	0
70	1.2525	1.87875	0	1	0
71	1.87875	1.87875	0	1	0
72	1.87875	1.2525	0	1	0
73	1.2525	5.01	0	1	1
74	0	3.7575	0	1	0
75	1.2525	3.7575	0	1	0
76	1.87875	3.7575	0	1	0
77	1.2525	3.13125	0	1	0
78	1.87875	3.13125	0	1	0
79	-1.2525	5.01	0	1	1
80	-2.505	3.7575	0	1	0
81	-1.2525	3.7575	0	1	0
82	3.13125	5.01	0	1	1
83	2.505	4.38375	0	1	0
84	3.13125	4.38375	0	1	0
85	3.7575	4.38375	0	1	0
86	1.87875	5.01	0	1	1
87	1.2525	4.38375	0	1	0
88	1.87875	4.38375	0	1	0
89	3.7575	0.62625	0	1	0
90	4.38375	0.62625	0	1	0
91	5.01	0.62625	0	1	1
92	4.38375	0	0	1	0
93	3.7575	-0.62625	0	1	0
94	4.38375	-0.62625	0	1	0
95	5.01	-0.62625	0	1	1
96	4.38375	-1.2525	0	1	0
97	0.62625	5.01	0	1	1
98	0	4.38375	0	1	0
99	0.62625	4.38375	0	1	0
100	0.62625	3.7575	0	1	0
101	-0.62625	5.01	0	1	1
102	-1.2525	4.38375	0	1	0
103	-0.62625	4.38375	0	1	0
104	-0.62625	3.7575	0	1	0
105	3.7575	-1.87875	0	1	0
106	4.38375	-1.87875	0	1	0
107	5.01	-1.87875	0	1	1
108	4.38375	-2.505	0	1	0
109	2.505	-3.7575	0	1	0
110	3.7575	-3.7575	0	1	0
111	5.01	-3.7575	0	1	1
112	3.7575	-5.01	0	1	1
113	3.7575	-3.13125	0	1	0
114	4.38375	-3.13125	0	1	0
115	5.01	-3.13125	0	1	1
116	4.38375	-3.7575	0	1	0
117	0	-3.7575	0	1	0
118	1.2525	-3.7575	0	1	0
119	1.2525	-5.01	0	1	1
120	-2.505	-3.7575	0	1	0
121	-1.2525	-3.7575	0	1	0
122	-1.2525	-5.01	0	1	1
123	3.13125	-3.7575	0	1	0
124	2.505	-4.38375	0	1	0
125	3.13125	-4.38375	0	1	0
126	3.7575	-4.38375	0	1	0
127	3.13125	-5.01	0	1	1
128	1.87875	-3.7575	0	1	0
129	1.2525	-4.38375	0	1	0
130	1.87875	-4.38375	0	1	0
131	1.87875	-5.01	0	1	1
132	3.13125	-2.505	0	1	0
133	2.505	-3.13125	0	1	0
134	3.13125	-3.13125	0	1	0
135	3.13125	-1.2525	0	1	0
136	2.505	-1.87875	0	1	0
137	3.13125	-1.87875	0	1	0
138	1.87875	-1.2525	0	1	0
139	1.2525	-1.87875	0	1	0
140	1.87875	-1.87875	0	1	0
141	1.87875	-2.505	0	1	0
142	1.2525	-3.13125	0	1	0
143	1.87875	-3.13125	0	1	0
144	0.62625	-3.7575	0	1	0
145	0	-4.38375	0	1	0
146	0.62625	-4.38375	0	1	0
147	0.62625	-5.01	0	1	1
148	-0.62625	-3.7575	0	1	0
149	-1.2525	-4.38375	0	1	0
150	-0.62625	-4.38375	0	1	0
151	-0.62625	-5.01	0	1	1
152	-1.87875	-3.7575	0	1	0
153	-2.505	-4.38375	0	1	0
154	-1.87875	-4.38375	0	1	0
155	-1.87875	-5.01	0	1	1
156	-3.7575	-2.505	0	1	0
157	-5.01	-3.7575	0	1	1
158	-3.7575	-3.7575	0	1	0
159	-3.7575	-5.01	0	1	1
160	-3.13125	-3.7575	0	1	0
161	-3.7575	-4.38375	0	1	0
162	-3.13125	-4.38375	0	1	0
163	-3.13125	-5.01	0	1	1
164	-3.7575	0	0	1	0
165	-5.01	-1.2525	0	1	1
166	-3.7575	-1.2525	0	1	0
167	-3.7575	2.505	0	1	0
168	-5.01	1.2525	0	1	1
169	-3.7575	1.2525	0	1	0
170	-3.13125	-2.505	0	1	0
171	-3.7575	-3.13125	0	1	0
172	-3.13125	-3.13125	0	1	0
173	-2.505	-3.13125	0	1	0
174	-3.13125	-1.2525	0	1	0
175	-3.7575	-1.87875	0	1	0
176	-3.13125	-1.87875	0	1	0
177	-2.505	-1.87875	0	1	0
178	-1.87875	-1.2525	0	1	0
179	-1.87875	-1.87875	0	1	0
180	-1.2525	-1.87875	0	1	0
181	-1.87875	-2.505	0	1	0
182	-1.87875	-3.13125	0	1	0
183	-1.2525	-3.13125	0	1	0
184	-4.38375	-2.505	0	1	0
185	-5.01	-3.13125	0	1	1
186	-4.38375	-3.13125	0	1	0
187	-4.38375	-3.7575	0	1	0
188	-4.38375	-1.2525	0	1	0
189	-5.01	-1.87875	0	1	1
190	-4.38375	-1.87875	0	1	0
191	-4.38375	0	0	1	0
192	-5.01	-0.62625	0	1	1
193	-4.38375	-0.62625	0	1	0
194	-3.7575	-0.62625	0	1	0
195	-4.38375	1.2525	0	1	0
196	-5.01	0.62625	0	1	1
197	-4.38375	0.62625	0	1	0
198	-3.7575	0.62625	0	1	0
199	-1.87875	5.01	0	1	1
200	-2.505	4.38375	0	1	0
201	-1.87875	4.38375	0	1	0
202	-1.87875	3.7575	0	1	0
203	-3.7575	5.01	0	1	1
204	-5.01	3.7575	0	1	1
205	-3.7575	3.7575	0	1	0
206	-3.13125	5.01	0	1	1
207	-3.7575	4.38375	0	1	0
208	-3.13125	4.38375	0	1	0
209	-3.13125	3.7575	0	1	0
210	-4.38375	2.505	0	1	0
211	-5.01	1.87875	0	1	1
212	-4.38375	1.87875	0	1	0
213	-3.7575	1.87875	0	1	0
214	-4.38375	3.7575	0	1	0
215	-5.01	3.13125	0	1	1
216	-4.38375	3.13125	0	1	0
217	-3.7575	3.13125	0	1	0
218	-3.13125	3.13125	0	1	0
219	-2.505	3.13125	0	1	0
220	-3.13125	2.505	0	1	0
221	-1.87875	3.13125	0	1	0
222	-1.2525	3.13125	0	1	0
223	-1.87875	2.505	0	1	0
224	-2.505	1.87875	0	1	0
225	-1.87875	1.87875	0	1	0
226	-1.2525	1.87875	0	1	0
227	-1.87875	1.2525	0	1	0
228	-3.13125	1.87875	0	1	0
229	-3.13125	1.2525	0	1	0
230	-0.62625	1.2525	0	1	0
231	-1.2525	0.62625	0	1	0
232	0.62625	1.2525	0	1	0
233	1.2525	0.62625	0	1	0
234	-1.2525	-0.62625	0	1	0
235	-0.62625	-1.2525	0	1	0
236	1.2525	-0.62625	0	1	0
237	0.62625	-1.2525	0	1	0
