207	214	205	-1	-1
207	203	1	204	214	
206	203	207	208	-1
56	206	208	200	-1
208	207	205	209	-1
200	208	209	80	-1
214	204	215	216	-1
205	214	216	217	-1
216	215	57	210	-1
217	216	210	167	-1
209	205	217	218	-1
80	209	218	219	-1
218	217	167	220	-1
219	218	220	58	-1
199	56	200	201	-1
79	199	201	102	-1
201	200	80	202	-1
102	201	202	81	-1
101	79	102	103	-1
5	101	103	98	-1
103	102	81	104	-1
98	103	104	74	-1
202	80	219	221	-1
81	202	221	222	-1
221	219	58	223	-1
222	221	223	59	-1
104	81	222	-1	-1
222	59	11	74	104	
210	57	211	212	-1
167	210	212	213	-1
212	211	168	195	-1
213	212	195	169	-1
220	167	213	228	-1
58	220	228	224	-1
228	213	169	229	-1
224	228	229	60	-1
195	168	196	197	-1
169	195	197	198	-1
197	196	6	191	-1
198	197	191	164	-1
229	169	198	-1	-1
198	164	41	60	229	
223	58	224	225	-1
59	223	225	226	-1
225	224	60	227	-1
226	225	227	61	-1
226	230	61	-1	-1
230	46	11	59	226	
61	227	231	-1	-1
227	60	41	52	231	
230	61	231	-1	-1
231	52	7	46	230	
97	5	98	99	-1
73	97	99	87	-1
99	98	74	100	-1
87	99	100	75	-1
86	73	87	88	-1
10	86	88	83	-1
88	87	75	76	-1
83	88	76	16	-1
75	100	77	-1	-1
100	74	11	45	77	
76	75	77	78	-1
16	76	78	63	-1
78	77	45	69	-1
63	78	69	12	-1
82	10	83	84	-1
15	82	84	85	-1
84	83	16	62	-1
85	84	62	17	-1
85	20	17	-1	-1
20	18	2	15	85	
62	16	63	64	-1
17	62	64	21	-1
64	63	12	65	-1
21	64	65	19	-1
20	17	21	22	-1
18	20	22	23	-1
22	21	19	24	-1
23	22	24	13	-1
70	232	47	-1	-1
70	45	11	46	232	
69	45	70	71	-1
12	69	71	66	-1
71	70	47	72	-1
66	71	72	25	-1
47	232	233	-1	-1
232	46	7	48	233	
72	47	233	-1	-1
233	48	14	25	72	
65	12	66	67	-1
19	65	67	29	-1
67	66	25	68	-1
29	67	68	26	-1
24	19	29	30	-1
13	24	30	31	-1
30	29	26	32	-1
31	30	32	27	-1
26	68	89	-1	-1
68	25	14	28	89	
32	26	89	90	-1
27	32	90	91	-1
90	89	28	92	-1
91	90	92	8	-1
191	6	192	193	-1
164	191	193	194	-1
193	192	165	188	-1
194	193	188	166	-1
194	174	166	-1	-1
174	53	41	164	194	
188	165	189	190	-1
166	188	190	175	-1
190	189	42	184	-1
175	190	184	156	-1
174	166	175	176	-1
53	174	176	177	-1
176	175	156	170	-1
177	176	170	43	-1
234	178	54	-1	-1
234	52	41	53	178	
234	235	54	-1	-1
235	49	7	52	234	
178	53	177	179	-1
54	178	179	180	-1
179	177	43	181	-1
180	179	181	55	-1
235	54	180	-1	-1
180	55	33	49	235	
184	42	185	186	-1
156	184	186	171	-1
186	185	157	187	-1
171	186	187	158	-1
170	156	171	172	-1
43	170	172	173	-1
172	171	158	160	-1
173	172	160	120	-1
158	187	161	-1	-1
187	157	3	159	161	
160	158	161	162	-1
120	160	162	153	-1
162	161	159	163	-1
153	162	163	44	-1
181	43	173	182	-1
55	181	182	183	-1
182	173	120	152	-1
183	182	152	121	-1
183	148	121	-1	-1
148	117	33	55	183	
152	120	153	154	-1
121	152	154	149	-1
154	153	44	155	-1
149	154	155	122	-1
148	121	149	150	-1
117	148	150	145	-1
150	149	122	151	-1
145	150	151	9	-1
236	237	50	-1	-1
236	48	7	49	237	
236	138	50	-1	-1
138	37	14	48	236	
50	237	139	-1	-1
237	49	33	51	139	
138	50	139	140	-1
37	138	140	136	-1
140	139	51	141	-1
136	140	141	34	-1
93	135	38	-1	-1
93	28	14	37	135	
92	28	93	94	-1
8	92	94	95	-1
94	93	38	96	-1
95	94	96	39	-1
135	37	136	137	-1
38	135	137	105	-1
137	136	34	132	-1
105	137	132	40	-1
96	38	105	106	-1
39	96	106	107	-1
106	105	40	108	-1
107	106	108	35	-1
142	144	118	-1	-1
142	51	33	117	144	
141	51	142	143	-1
34	141	143	133	-1
143	142	118	128	-1
133	143	128	109	-1
144	117	145	146	-1
118	144	146	129	-1
146	145	9	147	-1
129	146	147	119	-1
128	118	129	130	-1
109	128	130	124	-1
130	129	119	131	-1
124	130	131	36	-1
132	34	133	134	-1
40	132	134	113	-1
134	133	109	123	-1
113	134	123	110	-1
108	40	113	114	-1
35	108	114	115	-1
114	113	110	116	-1
115	114	116	111	-1
123	109	124	125	-1
110	123	125	126	-1
125	124	36	127	-1
126	125	127	112	-1
116	110	126	-1	-1
126	112	4	111	116	
