7	209	210	211	
209	8	212	210	
212	9	213	210	
213	10	211	210	
11	214	215	216	
214	12	217	215	
217	8	209	215	
209	7	216	215	
9	212	218	219	
212	8	220	218	
220	13	221	218	
221	14	219	218	
15	222	223	224	
222	13	220	223	
220	8	225	223	
225	16	224	223	
17	226	227	228	
226	16	225	227	
225	8	217	227	
217	12	228	227	
18	229	230	231	
229	19	232	230	
232	20	233	230	
233	21	231	230	
21	233	234	235	
233	20	236	234	
236	22	237	234	
237	23	235	234	
24	238	239	240	
238	25	241	239	
241	20	232	239	
232	19	240	239	
26	242	243	244	
242	22	236	243	
236	20	245	243	
245	27	244	243	
28	246	247	248	
246	27	245	247	
245	20	241	247	
241	25	248	247	
29	249	250	251	
249	7	211	250	
211	10	252	250	
252	30	251	250	
31	253	254	255	
253	32	256	254	
256	7	249	254	
249	29	255	254	
11	216	257	258	
216	7	256	257	
256	32	259	257	
259	33	258	257	
34	260	261	262	
260	18	231	261	
231	21	263	261	
263	29	262	261	
29	263	264	255	
263	21	265	264	
265	35	266	264	
266	31	255	264	
23	267	268	235	
267	33	269	268	
269	35	265	268	
265	21	235	268	
36	270	271	272	
270	34	262	271	
262	29	251	271	
251	30	272	271	
10	213	273	274	
213	9	275	273	
275	37	276	273	
276	38	274	273	
14	277	278	219	
277	39	279	278	
279	40	280	278	
280	9	219	278	
41	281	282	283	
281	37	275	282	
275	9	280	282	
280	40	283	282	
30	252	284	285	
252	10	286	284	
286	48	287	284	
287	49	285	284	
38	288	289	274	
288	50	290	289	
290	48	286	289	
286	10	274	289	
51	291	292	293	
291	36	272	292	
272	30	294	292	
294	52	293	292	
52	294	295	296	
294	30	285	295	
285	49	297	295	
297	53	296	295	
54	298	299	300	
298	51	293	299	
293	52	301	299	
301	55	300	299	
55	301	302	303	
301	52	304	302	
304	56	305	302	
305	57	303	302	
50	306	307	308	
306	56	304	307	
304	52	296	307	
296	53	308	307	
54	300	309	310	
300	55	311	309	
311	58	312	309	
312	59	310	309	
57	313	314	303	
313	60	315	314	
315	61	316	314	
316	55	303	314	
62	317	318	319	
317	58	311	318	
311	55	316	318	
316	61	319	318	
63	320	321	322	
320	64	323	321	
323	19	229	321	
229	18	322	321	
24	240	324	325	
240	19	326	324	
326	65	327	324	
327	66	325	324	
67	328	329	330	
328	65	326	329	
326	19	323	329	
323	64	330	329	
68	331	332	333	
331	69	334	332	
334	18	260	332	
260	34	333	332	
63	322	335	336	
322	18	334	335	
334	69	337	335	
337	70	336	335	
71	338	339	340	
338	34	270	339	
270	36	341	339	
341	72	340	339	
73	342	343	344	
342	68	333	343	
333	34	338	343	
338	71	344	343	
74	345	346	347	
345	71	340	346	
340	72	348	346	
348	75	347	346	
76	349	350	351	
349	77	352	350	
352	71	345	350	
345	74	351	350	
70	353	354	355	
353	73	344	354	
344	71	352	354	
352	77	355	354	
84	356	357	358	
356	85	359	357	
359	74	347	357	
347	75	358	357	
76	351	360	361	
351	74	362	360	
362	86	363	360	
363	87	361	360	
88	364	365	366	
364	86	362	365	
362	74	359	365	
359	85	366	365	
89	367	368	369	
367	90	370	368	
370	36	291	368	
291	51	369	368	
72	341	371	372	
341	36	370	371	
370	90	373	371	
373	91	372	371	
92	374	375	376	
374	93	377	375	
377	51	298	375	
298	54	376	375	
94	378	379	380	
378	89	369	379	
369	51	377	379	
377	93	380	379	
75	348	381	382	
348	72	383	381	
383	95	384	381	
384	96	382	381	
94	385	386	387	
385	95	383	386	
383	72	372	386	
372	91	387	386	
59	388	389	310	
388	97	390	389	
390	98	391	389	
391	54	310	389	
92	376	392	393	
376	54	391	392	
391	98	394	392	
394	99	393	392	
96	395	396	382	
395	100	397	396	
397	101	398	396	
398	75	382	396	
84	358	399	400	
358	75	398	399	
398	101	401	399	
401	102	400	399	
402	403	404	114	
402	109	405	403	
403	405	113	404	
113	405	406	407	
405	109	408	406	
408	112	409	406	
409	115	407	406	
410	114	411	412	
410	412	413	116	
412	411	118	413	
121	414	415	416	
414	119	417	415	
417	116	413	415	
413	118	416	415	
122	418	419	420	
418	118	411	419	
411	114	404	419	
404	113	420	419	
122	420	421	422	
420	113	407	421	
407	115	423	421	
423	123	422	421	
124	424	425	426	
424	121	416	425	
416	118	418	425	
418	122	426	425	
125	427	428	429	
427	124	426	428	
426	122	422	428	
422	123	429	428	
430	431	432	112	
430	127	433	431	
431	433	126	432	
126	433	434	435	
433	127	436	434	
436	128	437	434	
437	15	435	434	
17	438	439	440	
438	115	409	439	
409	112	432	439	
432	126	440	439	
16	226	441	224	
226	17	440	441	
440	126	435	441	
435	15	224	441	
13	222	442	443	
222	15	437	442	
437	128	444	442	
444	129	443	442	
13	443	445	221	
443	129	446	445	
446	130	447	445	
447	14	221	445	
12	448	449	228	
448	123	423	449	
423	115	438	449	
438	17	228	449	
11	450	451	214	
450	125	429	451	
429	123	448	451	
448	12	214	451	
452	453	454	132	
452	119	455	453	
453	455	131	454	
131	455	456	457	
455	119	414	456	
414	121	458	456	
458	26	457	456	
28	459	460	461	
459	133	462	460	
462	132	454	460	
454	131	461	460	
27	246	463	244	
246	28	461	463	
461	131	457	463	
457	26	244	463	
22	242	464	465	
242	26	458	464	
458	121	424	464	
424	124	465	464	
22	465	466	237	
465	124	427	466	
427	125	467	466	
467	23	237	466	
25	468	469	248	
468	134	470	469	
470	133	459	469	
459	28	248	469	
24	471	472	238	
471	135	473	472	
473	134	468	472	
468	25	238	472	
33	267	474	258	
267	23	467	474	
467	125	450	474	
450	11	258	474	
31	266	475	253	
266	35	269	475	
269	33	259	475	
259	32	253	475	
39	277	476	477	
277	14	447	476	
447	130	478	476	
478	136	477	476	
39	477	479	480	
477	136	481	479	
481	137	482	479	
482	138	480	479	
138	483	484	480	
483	41	283	484	
283	40	279	484	
279	39	480	484	
485	139	486	487	
485	487	482	137	
487	486	138	482	
143	488	489	490	
488	41	483	489	
483	138	486	489	
486	139	490	489	
143	490	491	492	
490	139	493	491	
493	142	494	491	
494	144	492	491	
145	495	496	497	
495	37	281	496	
281	41	488	496	
488	143	497	496	
145	497	498	499	
497	143	492	498	
492	144	500	498	
500	146	499	498	
147	501	502	503	
501	38	276	502	
276	37	495	502	
495	145	503	502	
148	504	505	506	
504	147	503	505	
503	145	499	505	
499	146	506	505	
507	149	508	509	
507	509	494	142	
509	508	144	494	
150	510	511	512	
510	146	500	511	
500	144	508	511	
508	149	512	511	
513	514	512	149	
513	151	515	514	
514	515	150	512	
152	516	517	518	
516	148	506	517	
506	146	510	517	
510	150	518	517	
153	519	520	521	
519	152	518	520	
518	150	515	520	
515	151	521	520	
56	306	522	523	
306	50	288	522	
288	38	501	522	
501	147	523	522	
56	523	524	305	
523	147	504	524	
504	148	525	524	
525	57	305	524	
48	290	526	287	
290	50	308	526	
308	53	297	526	
297	49	287	526	
60	313	527	528	
313	57	525	527	
525	148	516	527	
516	152	528	527	
60	528	529	530	
528	152	519	529	
519	153	531	529	
531	156	530	529	
156	532	533	530	
532	62	319	533	
319	61	315	533	
315	60	530	533	
534	157	535	536	
534	536	531	153	
536	535	156	531	
158	537	538	539	
537	62	532	538	
532	156	535	538	
535	157	539	538	
159	540	541	542	
540	58	317	541	
317	62	537	541	
537	158	542	541	
160	543	544	545	
543	59	312	544	
312	58	540	544	
540	159	545	544	
66	546	547	325	
546	161	548	547	
548	135	471	547	
471	24	325	547	
162	549	550	551	
549	163	552	550	
552	161	546	550	
546	66	551	550	
162	551	553	554	
551	66	327	553	
327	65	328	553	
328	67	554	553	
555	163	549	556	
555	556	557	164	
556	549	162	557	
164	557	558	559	
557	162	554	558	
554	67	560	558	
560	166	559	558	
169	561	562	563	
561	167	564	562	
564	164	559	562	
559	166	563	562	
170	565	566	567	
565	166	560	566	
560	67	330	566	
330	64	567	566	
170	567	568	569	
567	64	320	568	
320	63	570	568	
570	171	569	568	
172	571	572	573	
571	169	563	572	
563	166	565	572	
565	170	573	572	
173	574	575	576	
574	172	573	575	
573	170	569	575	
569	171	576	575	
77	577	578	355	
577	171	570	578	
570	63	336	578	
336	70	355	578	
69	331	579	337	
331	68	342	579	
342	73	353	579	
353	70	337	579	
76	580	581	349	
580	173	576	581	
576	171	577	581	
577	77	349	581	
582	167	561	583	
582	583	584	174	
583	561	169	584	
175	585	586	587	
585	174	584	586	
584	169	571	586	
571	172	587	586	
175	587	588	589	
587	172	574	588	
574	173	590	588	
590	176	589	588	
591	174	585	592	
591	592	593	177	
592	585	175	593	
177	593	594	595	
593	175	589	594	
589	176	596	594	
596	178	595	594	
87	597	598	361	
597	176	590	598	
590	173	580	598	
580	76	361	598	
181	599	600	601	
599	178	596	600	
596	176	597	600	
597	87	601	600	
181	601	602	603	
601	87	363	602	
363	86	364	602	
364	88	603	602	
604	178	599	605	
604	605	606	182	
605	599	181	606	
182	606	607	608	
606	181	603	607	
603	88	609	607	
609	183	608	607	
184	610	611	612	
610	183	609	611	
609	88	366	611	
366	85	612	611	
184	612	613	614	
612	85	356	613	
356	84	615	613	
615	185	614	613	
186	616	617	618	
616	95	385	617	
385	94	380	617	
380	93	618	617	
90	367	619	373	
367	89	378	619	
378	94	387	619	
387	91	373	619	
186	618	620	621	
618	93	374	620	
374	92	622	620	
622	187	621	620	
188	623	624	625	
623	96	384	624	
384	95	616	624	
616	186	625	624	
189	626	627	628	
626	188	625	627	
625	186	621	627	
621	187	628	627	
190	629	630	631	
629	97	388	630	
388	59	543	630	
543	160	631	630	
191	632	633	634	
632	192	635	633	
635	97	629	633	
629	190	634	633	
99	394	636	637	
394	98	390	636	
390	97	635	636	
635	192	637	636	
193	638	639	640	
638	187	622	639	
622	92	393	639	
393	99	640	639	
193	640	641	642	
640	99	637	641	
637	192	643	641	
643	194	642	641	
195	644	645	646	
644	189	628	645	
628	187	638	645	
638	193	646	645	
196	647	648	649	
647	195	646	648	
646	193	642	648	
642	194	649	648	
650	194	643	651	
650	651	632	191	
651	643	192	632	
199	652	653	654	
652	100	395	653	
395	96	623	653	
623	188	654	653	
199	654	655	656	
654	188	626	655	
626	189	657	655	
657	200	656	655	
201	658	659	660	
658	202	661	659	
661	100	652	659	
652	199	660	659	
102	401	662	663	
401	101	397	662	
397	100	661	662	
661	202	663	662	
201	660	664	665	
660	199	656	664	
656	200	666	664	
666	203	665	664	
204	667	668	669	
667	185	615	668	
615	84	400	668	
400	102	669	668	
204	669	670	671	
669	102	663	670	
663	202	672	670	
672	205	671	670	
673	205	672	674	
673	674	658	201	
674	672	202	658	
208	675	676	677	
675	200	657	676	
657	189	644	676	
644	195	677	676	
678	208	677	679	
678	679	647	196	
679	677	195	647	
680	203	666	681	
680	681	675	208	
681	666	200	675	
