1	-4.69688	-3.44437	0	1	0
2	-3.71817	-3.33622	0	1	0
3	-3.96625	-3.96625	0	1	0
4	-4.38375	-4.38375	0	1	0
5	-3.44437	-4.69687	0	1	0
6	-3.33622	-3.71817	0	1	0
7	-1.87875	-0.62625	0	1	0
8	-3.13125	-0.62625	0	1	0
9	-3.13125	0.62625	0	1	0
10	-1.87875	0.62625	0	1	0
11	-2.19188	-1.56563	0	1	0
12	-2.81812	-1.56563	0	1	0
13	-4.07062	-0.313125	0	1	0
14	-4.07062	0.313125	0	1	0
15	-4.07062	-0.939375	0	1	0
16	-3.54875	-1.04375	0	1	0
17	-3.44437	-1.56563	0	1	0
18	0.62625	-1.87875	0	1	0
19	0.62625	-3.13125	0	1	0
20	-0.62625	-3.13125	0	1	0
21	-0.62625	-1.87875	0	1	0
22	-1.56562	-2.81812	0	1	0
23	-1.56562	-2.19187	0	1	0
24	0.313125	-4.07062	0	1	0
25	-0.313125	-4.07062	0	1	0
26	-1.56562	-3.44437	0	1	0
27	-1.04375	-3.54875	0	1	0
28	-0.939375	-4.07062	0	1	0
29	-0.62625	-0.62625	0	1	0
30	-0.62625	0.62625	0	1	0
31	-1.04375	-1.04375	0	1	0
32	-1.46125	-1.04375	0	1	0
33	-1.56562	-1.56563	0	1	0
34	0.62625	-0.62625	0	1	0
35	-1.04375	-1.46125	0	1	0
36	0.62625	0.62625	0	1	0
37	-2.81812	1.56562	0	1	0
38	-2.19187	1.56562	0	1	0
39	-4.07062	0.939375	0	1	0
40	-3.54875	1.04375	0	1	0
41	-3.44437	1.56562	0	1	0
42	-4.69687	3.44437	0	1	0
43	-4.38375	4.38375	0	1	0
44	-3.96625	3.96625	0	1	0
45	-3.71817	3.33622	0	1	0
46	-3.33622	3.71817	0	1	0
47	-3.44437	4.69687	0	1	0
48	-1.46125	1.04375	0	1	0
49	-1.04375	1.04375	0	1	0
50	-1.56562	1.56562	0	1	0
51	0.62625	1.87875	0	1	0
52	-0.62625	1.87875	0	1	0
53	-1.04375	1.46125	0	1	0
54	0.62625	3.13125	0	1	0
55	-0.62625	3.13125	0	1	0
56	-1.56562	2.19188	0	1	0
57	-1.56562	2.81812	0	1	0
58	-0.313125	4.07062	0	1	0
59	0.313125	4.07062	0	1	0
60	-1.56562	3.44437	0	1	0
61	-1.04375	3.54875	0	1	0
62	-0.939375	4.07062	0	1	0
63	1.56562	-2.19187	0	1	0
64	1.56562	-2.81812	0	1	0
65	1.04375	-3.54875	0	1	0
66	0.939375	-4.07062	0	1	0
67	1.56562	-3.44437	0	1	0
68	1.04375	-1.04375	0	1	0
69	1.04375	-1.46125	0	1	0
70	1.56562	-1.56563	0	1	0
71	1.87875	-0.62625	0	1	0
72	1.87875	0.62625	0	1	0
73	1.46125	-1.04375	0	1	0
74	3.13125	-0.62625	0	1	0
75	3.13125	0.62625	0	1	0
76	2.81812	-1.56563	0	1	0
77	2.19188	-1.56563	0	1	0
78	3.44437	-4.69687	0	1	0
79	3.33622	-3.71817	0	1	0
80	3.96625	-3.96625	0	1	0
81	4.38375	-4.38375	0	1	0
82	3.71817	-3.33622	0	1	0
83	4.69688	-3.44437	0	1	0
84	4.07062	0.313125	0	1	0
85	4.07062	-0.313125	0	1	0
86	3.54875	-1.04375	0	1	0
87	3.44437	-1.56563	0	1	0
88	4.07062	-0.939375	0	1	0
89	1.04375	1.46125	0	1	0
90	1.04375	1.04375	0	1	0
91	1.46125	1.04375	0	1	0
92	1.56562	2.81812	0	1	0
93	1.56562	2.19188	0	1	0
94	1.56562	1.56562	0	1	0
95	2.19188	1.56562	0	1	0
96	2.81812	1.56562	0	1	0
97	0.939375	4.07062	0	1	0
98	1.04375	3.54875	0	1	0
99	1.56562	3.44437	0	1	0
100	3.44437	1.56562	0	1	0
101	3.54875	1.04375	0	1	0
102	4.07062	0.939375	0	1	0
103	3.33622	3.71817	0	1	0
104	3.44437	4.69687	0	1	0
105	4.38375	4.38375	0	1	0
106	3.96625	3.96625	0	1	0
107	3.71817	3.33622	0	1	0
108	4.69688	3.44437	0	1	0
109	-4.12378	-2.8239	0	1	1
110	-4.69688	-2.81812	0	1	0
111	-4.47583	-2.22011	0	1	0
112	-4.42334	-2.32094	0	1	1
113	-3.44437	-2.81812	0	1	0
114	-3.46385	-3.60122	0	1	1
115	-3.44437	-2.19187	0	1	0
116	-2.8239	-4.12378	0	1	1
117	-2.81812	-4.69687	0	1	0
118	-2.81812	-3.44437	0	1	0
119	-2.32094	-4.42334	0	1	1
120	-2.22011	-4.47583	0	1	0
121	-2.19187	-3.44437	0	1	0
122	-2.81812	-2.81812	0	1	0
123	-2.81812	-2.19187	0	1	0
124	-2.19188	-2.81812	0	1	0
125	-2.19187	-2.19187	0	1	0
126	-4.07062	-1.56563	0	1	0
127	-4.74089	-1.57555	0	1	1
128	-4.8876	-1.03259	0	1	1
129	-4.98887	-0.254835	0	1	1
130	-4.98887	0.254835	0	1	1
131	-1.56562	-4.07062	0	1	0
132	-1.57555	-4.74089	0	1	1
133	-1.03259	-4.8876	0	1	1
134	-0.254835	-4.98887	0	1	1
135	0.254835	-4.98887	0	1	1
136	-4.8876	1.03259	0	1	1
137	-4.74089	1.57555	0	1	1
138	-4.07062	1.56562	0	1	0
139	-4.42334	2.32094	0	1	1
140	-4.47583	2.22011	0	1	0
141	-4.69687	2.81812	0	1	0
142	-4.12378	2.8239	0	1	1
143	-3.44437	2.19188	0	1	0
144	-3.44437	2.81812	0	1	0
145	-2.81812	2.19188	0	1	0
146	-2.81812	2.81812	0	1	0
147	-2.19188	2.19188	0	1	0
148	-2.19187	2.81812	0	1	0
149	-3.46385	3.60122	0	1	1
150	-2.81812	3.44437	0	1	0
151	-2.8239	4.12378	0	1	1
152	-2.19188	3.44437	0	1	0
153	-2.32094	4.42334	0	1	1
154	-2.81812	4.69687	0	1	0
155	-2.22011	4.47583	0	1	0
156	-1.56562	4.07062	0	1	0
157	-1.57555	4.74089	0	1	1
158	-1.03259	4.8876	0	1	1
159	-0.254835	4.98887	0	1	1
160	0.254835	4.98887	0	1	1
161	1.03259	-4.8876	0	1	1
162	1.56562	-4.07062	0	1	0
163	1.57555	-4.74089	0	1	1
164	2.32094	-4.42334	0	1	1
165	2.22011	-4.47583	0	1	0
166	2.19188	-3.44437	0	1	0
167	2.8239	-4.12378	0	1	1
168	2.81812	-4.69687	0	1	0
169	2.81812	-3.44437	0	1	0
170	2.19188	-2.81812	0	1	0
171	2.19188	-2.19187	0	1	0
172	2.81812	-2.81812	0	1	0
173	2.81812	-2.19187	0	1	0
174	3.46385	-3.60122	0	1	1
175	3.44437	-2.81812	0	1	0
176	3.44437	-2.19187	0	1	0
177	4.12378	-2.8239	0	1	1
178	4.42334	-2.32094	0	1	1
179	4.69688	-2.81812	0	1	0
180	4.47583	-2.22011	0	1	0
181	4.07062	-1.56563	0	1	0
182	4.74089	-1.57555	0	1	1
183	4.8876	-1.03259	0	1	1
184	4.98887	-0.254835	0	1	1
185	4.98887	0.254835	0	1	1
186	2.19188	2.19188	0	1	0
187	2.19188	2.81812	0	1	0
188	2.81812	2.19188	0	1	0
189	2.81812	2.81812	0	1	0
190	1.03259	4.8876	0	1	1
191	1.57555	4.74089	0	1	1
192	1.56562	4.07062	0	1	0
193	2.19188	3.44437	0	1	0
194	2.32094	4.42334	0	1	1
195	2.81812	3.44437	0	1	0
196	2.8239	4.12378	0	1	1
197	2.22011	4.47583	0	1	0
198	2.81812	4.69687	0	1	0
199	3.44437	2.19188	0	1	0
200	3.44437	2.81812	0	1	0
201	4.42334	2.32094	0	1	1
202	4.07062	1.56562	0	1	0
203	4.12378	2.8239	0	1	1
204	4.8876	1.03259	0	1	1
205	4.74089	1.57555	0	1	1
206	4.47583	2.22011	0	1	0
207	4.69688	2.81812	0	1	0
208	3.60122	3.46385	0	1	1
209	-2.505	-0.62625	0	1	0
210	-2.505	0	0	1	0
211	-1.87875	0	0	1	0
212	-3.13125	0	0	1	0
213	-2.505	0.62625	0	1	0
214	-2.505	-1.56563	0	1	0
215	-2.505	-1.09594	0	1	0
216	-2.03531	-1.09594	0	1	0
217	-2.97469	-1.09594	0	1	0
218	-3.60094	0	0	1	0
219	-3.60094	0.469687	0	1	0
220	-3.60094	-0.469687	0	1	0
221	-4.07062	0	0	1	0
222	-4.07062	-0.62625	0	1	0
223	-3.70531	-0.730625	0	1	0
224	-3.80969	-0.991562	0	1	0
225	-3.34	-0.835	0	1	0
226	-3.49656	-1.30469	0	1	0
227	-3.23562	-1.20031	0	1	0
228	-3.13125	-1.56563	0	1	0
229	0.62625	-2.505	0	1	0
230	0	-2.505	0	1	0
231	0	-1.87875	0	1	0
232	0	-3.13125	0	1	0
233	-0.62625	-2.505	0	1	0
234	-1.09594	-2.505	0	1	0
235	-1.09594	-2.03531	0	1	0
236	-1.09594	-2.97469	0	1	0
237	-1.56562	-2.505	0	1	0
238	0	-4.07062	0	1	0
239	0	-3.60094	0	1	0
240	0.469687	-3.60094	0	1	0
241	-0.469687	-3.60094	0	1	0
242	-1.56562	-3.13125	0	1	0
243	-1.20031	-3.23562	0	1	0
244	-1.30469	-3.49656	0	1	0
245	-0.835	-3.34	0	1	0
246	-0.991562	-3.80969	0	1	0
247	-0.730625	-3.70531	0	1	0
248	-0.62625	-4.07062	0	1	0
249	-1.2525	-0.62625	0	1	0
250	-1.2525	0	0	1	0
251	-0.62625	0	0	1	0
252	-1.2525	0.62625	0	1	0
253	-1.2525	-1.04375	0	1	0
254	-1.2525	-0.835	0	1	0
255	-0.835	-0.835	0	1	0
256	-1.67	-0.835	0	1	0
257	-1.77437	-1.20031	0	1	0
258	-1.87875	-1.56563	0	1	0
259	-1.51344	-1.30469	0	1	0
260	0.62625	-1.2525	0	1	0
261	0	-1.2525	0	1	0
262	0	-0.62625	0	1	0
263	-0.62625	-1.2525	0	1	0
264	-0.835	-1.2525	0	1	0
265	-0.835	-1.67	0	1	0
266	-1.04375	-1.2525	0	1	0
267	-1.56562	-1.87875	0	1	0
268	-1.20031	-1.77437	0	1	0
269	-1.30469	-1.51344	0	1	0
270	0.62625	0	0	1	0
271	0	0	0	1	0
272	0	0.62625	0	1	0
273	-2.505	1.09594	0	1	0
274	-2.03531	1.09594	0	1	0
275	-2.97469	1.09594	0	1	0
276	-2.505	1.56562	0	1	0
277	-4.07062	0.62625	0	1	0
278	-3.70531	0.730625	0	1	0
279	-3.80969	0.991562	0	1	0
280	-3.34	0.835	0	1	0
281	-3.13125	1.56562	0	1	0
282	-3.23562	1.20031	0	1	0
283	-3.49656	1.30469	0	1	0
284	-1.2525	0.835	0	1	0
285	-0.835	0.835	0	1	0
286	-1.67	0.835	0	1	0
287	-1.2525	1.04375	0	1	0
288	-1.87875	1.56562	0	1	0
289	-1.77437	1.20031	0	1	0
290	-1.51344	1.30469	0	1	0
291	0.62625	1.2525	0	1	0
292	0	1.2525	0	1	0
293	0	1.87875	0	1	0
294	-0.62625	1.2525	0	1	0
295	-0.835	1.2525	0	1	0
296	-0.835	1.67	0	1	0
297	-1.04375	1.2525	0	1	0
298	0.62625	2.505	0	1	0
299	0	2.505	0	1	0
300	0	3.13125	0	1	0
301	-0.62625	2.505	0	1	0
302	-1.09594	2.505	0	1	0
303	-1.09594	2.97469	0	1	0
304	-1.09594	2.03531	0	1	0
305	-1.56562	2.505	0	1	0
306	-1.56562	1.87875	0	1	0
307	-1.20031	1.77437	0	1	0
308	-1.30469	1.51344	0	1	0
309	0	3.60094	0	1	0
310	0.469687	3.60094	0	1	0
311	-0.469687	3.60094	0	1	0
312	0	4.07062	0	1	0
313	-1.56562	3.13125	0	1	0
314	-1.20031	3.23562	0	1	0
315	-1.30469	3.49656	0	1	0
316	-0.835	3.34	0	1	0
317	-0.62625	4.07062	0	1	0
318	-0.730625	3.70531	0	1	0
319	-0.991562	3.80969	0	1	0
320	1.56562	-2.505	0	1	0
321	1.09594	-2.505	0	1	0
322	1.09594	-2.03531	0	1	0
323	1.09594	-2.97469	0	1	0
324	0.730625	-3.70531	0	1	0
325	0.62625	-4.07062	0	1	0
326	0.835	-3.34	0	1	0
327	0.991562	-3.80969	0	1	0
328	1.30469	-3.49656	0	1	0
329	1.20031	-3.23563	0	1	0
330	1.56562	-3.13125	0	1	0
331	1.04375	-1.2525	0	1	0
332	0.835	-1.2525	0	1	0
333	0.835	-0.835	0	1	0
334	0.835	-1.67	0	1	0
335	1.20031	-1.77437	0	1	0
336	1.56562	-1.87875	0	1	0
337	1.30469	-1.51344	0	1	0
338	1.2525	-0.62625	0	1	0
339	1.2525	0	0	1	0
340	1.87875	0	0	1	0
341	1.2525	0.62625	0	1	0
342	1.2525	-1.04375	0	1	0
343	1.2525	-0.835	0	1	0
344	1.67	-0.835	0	1	0
345	2.505	-0.62625	0	1	0
346	2.505	0	0	1	0
347	3.13125	0	0	1	0
348	2.505	0.62625	0	1	0
349	2.505	-1.56563	0	1	0
350	2.505	-1.09594	0	1	0
351	2.97469	-1.09594	0	1	0
352	2.03531	-1.09594	0	1	0
353	1.51344	-1.30469	0	1	0
354	1.77437	-1.20031	0	1	0
355	1.87875	-1.56563	0	1	0
356	4.07062	0	0	1	0
357	3.60094	0	0	1	0
358	3.60094	0.469687	0	1	0
359	3.60094	-0.469687	0	1	0
360	3.23562	-1.20031	0	1	0
361	3.13125	-1.56563	0	1	0
362	3.34	-0.835	0	1	0
363	3.49656	-1.30469	0	1	0
364	3.80969	-0.991562	0	1	0
365	3.70531	-0.730625	0	1	0
366	4.07062	-0.62625	0	1	0
367	1.04375	1.2525	0	1	0
368	0.835	1.2525	0	1	0
369	0.835	1.67	0	1	0
370	0.835	0.835	0	1	0
371	1.2525	0.835	0	1	0
372	1.67	0.835	0	1	0
373	1.2525	1.04375	0	1	0
374	1.56562	2.505	0	1	0
375	1.09594	2.505	0	1	0
376	1.09594	2.97469	0	1	0
377	1.09594	2.03531	0	1	0
378	1.30469	1.51344	0	1	0
379	1.20031	1.77437	0	1	0
380	1.56562	1.87875	0	1	0
381	2.505	1.09594	0	1	0
382	2.97469	1.09594	0	1	0
383	2.03531	1.09594	0	1	0
384	2.505	1.56562	0	1	0
385	1.87875	1.56562	0	1	0
386	1.77437	1.20031	0	1	0
387	1.51344	1.30469	0	1	0
388	0.62625	4.07062	0	1	0
389	0.730625	3.70531	0	1	0
390	0.991562	3.80969	0	1	0
391	0.835	3.34	0	1	0
392	1.20031	3.23562	0	1	0
393	1.56562	3.13125	0	1	0
394	1.30469	3.49656	0	1	0
395	3.13125	1.56562	0	1	0
396	3.23562	1.20031	0	1	0
397	3.49656	1.30469	0	1	0
398	3.34	0.835	0	1	0
399	3.70531	0.730625	0	1	0
400	4.07062	0.62625	0	1	0
401	3.80969	0.991562	0	1	0
402	-3.80636	-3.23998	0	1	1
403	-3.67733	-3.08108	0	1	0
404	-3.45411	-3.20967	0	1	0
405	-3.78408	-2.82101	0	1	0
406	-3.85897	-2.53871	0	1	0
407	-3.44437	-2.505	0	1	0
408	-4.28081	-2.57741	0	1	1
409	-3.93386	-2.25641	0	1	0
410	-3.15306	-3.87694	0	1	1
411	-3.14099	-3.5228	0	1	0
412	-3.03529	-3.72313	0	1	0
413	-2.82101	-3.78408	0	1	0
414	-2.25641	-3.93386	0	1	0
415	-2.53871	-3.85897	0	1	0
416	-2.505	-3.44437	0	1	0
417	-2.57741	-4.28081	0	1	1
418	-2.81812	-3.13125	0	1	0
419	-3.13612	-3.17046	0	1	0
420	-3.13125	-2.81812	0	1	0
421	-3.13125	-2.505	0	1	0
422	-2.81812	-2.505	0	1	0
423	-3.13125	-2.19187	0	1	0
424	-2.19187	-3.13125	0	1	0
425	-2.505	-3.13125	0	1	0
426	-2.505	-2.81812	0	1	0
427	-2.19187	-2.505	0	1	0
428	-2.505	-2.505	0	1	0
429	-2.505	-2.19187	0	1	0
430	-4.59733	-1.95425	0	1	1
431	-4.41162	-1.82071	0	1	0
432	-4.24698	-1.94328	0	1	0
433	-4.40576	-1.57059	0	1	0
434	-4.44243	-1.27829	0	1	0
435	-4.07062	-1.2525	0	1	0
436	-4.82417	-1.31141	0	1	1
437	-4.47911	-0.985984	0	1	0
438	-3.44437	-1.87875	0	1	0
439	-3.84568	-1.91102	0	1	0
440	-3.7575	-1.56563	0	1	0
441	-3.78359	-1.27859	0	1	0
442	-4.50443	-0.634982	0	1	0
443	-4.52975	-0.28398	0	1	0
444	-4.95333	-0.645733	0	1	1
445	-4.52975	-4.16334e-017	0	1	0
446	-4.99953	-0.0108476	0	1	1
447	-4.52975	0.28398	0	1	0
448	-2.81812	-1.87875	0	1	0
449	-3.13125	-1.87875	0	1	0
450	-2.19187	-1.87875	0	1	0
451	-2.505	-1.87875	0	1	0
452	-1.95425	-4.59733	0	1	1
453	-1.82071	-4.41162	0	1	0
454	-1.57059	-4.40576	0	1	0
455	-1.94328	-4.24698	0	1	0
456	-1.91102	-3.84568	0	1	0
457	-1.56562	-3.7575	0	1	0
458	-1.87875	-3.44437	0	1	0
459	-0.985984	-4.47911	0	1	0
460	-1.27829	-4.44243	0	1	0
461	-1.2525	-4.07062	0	1	0
462	-1.31141	-4.82417	0	1	1
463	-1.27859	-3.78359	0	1	0
464	-1.87875	-3.13125	0	1	0
465	-1.87875	-2.81812	0	1	0
466	-1.87875	-2.505	0	1	0
467	-1.87875	-2.19187	0	1	0
468	-0.28398	-4.52975	0	1	0
469	-0.634982	-4.50443	0	1	0
470	-0.645733	-4.95333	0	1	1
471	0.28398	-4.52975	0	1	0
472	-1.38778e-017	-4.52975	0	1	0
473	-0.0108476	-4.99953	0	1	1
474	-1.87875	-1.87875	0	1	0
475	-1.27859	-1.27859	0	1	0
476	-4.50443	0.634982	0	1	0
477	-4.47911	0.985984	0	1	0
478	-4.95333	0.645733	0	1	1
479	-4.44243	1.27829	0	1	0
480	-4.07062	1.2525	0	1	0
481	-4.82417	1.31141	0	1	1
482	-4.40576	1.57059	0	1	0
483	-3.7575	1.56562	0	1	0
484	-3.78359	1.27859	0	1	0
485	-4.59733	1.95425	0	1	1
486	-4.24698	1.94328	0	1	0
487	-4.41162	1.82071	0	1	0
488	-3.44437	1.87875	0	1	0
489	-3.84568	1.91102	0	1	0
490	-3.93386	2.25641	0	1	0
491	-3.85897	2.53871	0	1	0
492	-3.44437	2.505	0	1	0
493	-4.28081	2.57741	0	1	1
494	-3.78408	2.82101	0	1	0
495	-2.81812	1.87875	0	1	0
496	-3.13125	1.87875	0	1	0
497	-3.13125	2.19188	0	1	0
498	-3.13125	2.505	0	1	0
499	-2.81812	2.505	0	1	0
500	-3.13125	2.81812	0	1	0
501	-2.19187	1.87875	0	1	0
502	-2.505	1.87875	0	1	0
503	-2.505	2.19188	0	1	0
504	-2.19187	2.505	0	1	0
505	-2.505	2.505	0	1	0
506	-2.505	2.81812	0	1	0
507	-3.80636	3.23998	0	1	1
508	-3.45411	3.20967	0	1	0
509	-3.67733	3.08108	0	1	0
510	-2.81812	3.13125	0	1	0
511	-3.13612	3.17046	0	1	0
512	-3.14099	3.5228	0	1	0
513	-3.15306	3.87694	0	1	1
514	-3.03529	3.72313	0	1	0
515	-2.82101	3.78408	0	1	0
516	-2.19187	3.13125	0	1	0
517	-2.505	3.13125	0	1	0
518	-2.505	3.44437	0	1	0
519	-2.25641	3.93386	0	1	0
520	-2.53871	3.85897	0	1	0
521	-2.57741	4.28081	0	1	1
522	-1.87875	1.87875	0	1	0
523	-1.87875	2.19188	0	1	0
524	-1.87875	2.505	0	1	0
525	-1.87875	2.81812	0	1	0
526	-1.27859	1.27859	0	1	0
527	-1.87875	3.13125	0	1	0
528	-1.87875	3.44437	0	1	0
529	-1.91102	3.84568	0	1	0
530	-1.56562	3.7575	0	1	0
531	-1.94328	4.24698	0	1	0
532	-1.2525	4.07062	0	1	0
533	-1.27859	3.78359	0	1	0
534	-1.95425	4.59733	0	1	1
535	-1.57059	4.40576	0	1	0
536	-1.82071	4.41162	0	1	0
537	-0.985984	4.47911	0	1	0
538	-1.27829	4.44243	0	1	0
539	-1.31141	4.82417	0	1	1
540	-0.28398	4.52975	0	1	0
541	-0.634982	4.50443	0	1	0
542	-0.645733	4.95333	0	1	1
543	0.28398	4.52975	0	1	0
544	-1.38778e-017	4.52975	0	1	0
545	0.0108476	4.99953	0	1	1
546	0.985984	-4.47911	0	1	0
547	0.634982	-4.50443	0	1	0
548	0.645733	-4.95333	0	1	1
549	1.57059	-4.40576	0	1	0
550	1.27829	-4.44243	0	1	0
551	1.2525	-4.07062	0	1	0
552	1.31141	-4.82417	0	1	1
553	1.27859	-3.78359	0	1	0
554	1.56562	-3.7575	0	1	0
555	1.95425	-4.59733	0	1	1
556	1.82071	-4.41162	0	1	0
557	1.94328	-4.24698	0	1	0
558	1.91102	-3.84568	0	1	0
559	2.25641	-3.93386	0	1	0
560	1.87875	-3.44437	0	1	0
561	2.82101	-3.78408	0	1	0
562	2.53871	-3.85897	0	1	0
563	2.505	-3.44437	0	1	0
564	2.57741	-4.28081	0	1	1
565	2.19188	-3.13125	0	1	0
566	1.87875	-3.13125	0	1	0
567	1.87875	-2.81812	0	1	0
568	1.87875	-2.505	0	1	0
569	2.19188	-2.505	0	1	0
570	1.87875	-2.19187	0	1	0
571	2.81812	-3.13125	0	1	0
572	2.505	-3.13125	0	1	0
573	2.505	-2.81812	0	1	0
574	2.81812	-2.505	0	1	0
575	2.505	-2.505	0	1	0
576	2.505	-2.19187	0	1	0
577	2.19188	-1.87875	0	1	0
578	1.87875	-1.87875	0	1	0
579	1.27859	-1.27859	0	1	0
580	2.81812	-1.87875	0	1	0
581	2.505	-1.87875	0	1	0
582	3.15306	-3.87694	0	1	1
583	3.03529	-3.72313	0	1	0
584	3.14099	-3.5228	0	1	0
585	3.45411	-3.20967	0	1	0
586	3.13612	-3.17046	0	1	0
587	3.13125	-2.81812	0	1	0
588	3.13125	-2.505	0	1	0
589	3.44437	-2.505	0	1	0
590	3.13125	-2.19187	0	1	0
591	3.80636	-3.23998	0	1	1
592	3.67733	-3.08108	0	1	0
593	3.78408	-2.82101	0	1	0
594	3.85897	-2.53871	0	1	0
595	4.28081	-2.57741	0	1	1
596	3.93386	-2.25641	0	1	0
597	3.44437	-1.87875	0	1	0
598	3.13125	-1.87875	0	1	0
599	4.24698	-1.94328	0	1	0
600	3.84568	-1.91102	0	1	0
601	3.7575	-1.56563	0	1	0
602	3.78359	-1.27859	0	1	0
603	4.07062	-1.2525	0	1	0
604	4.59733	-1.95425	0	1	1
605	4.41162	-1.82071	0	1	0
606	4.40576	-1.57059	0	1	0
607	4.44243	-1.27829	0	1	0
608	4.82417	-1.31141	0	1	1
609	4.47911	-0.985984	0	1	0
610	4.95333	-0.645733	0	1	1
611	4.50443	-0.634982	0	1	0
612	4.52975	-0.28398	0	1	0
613	4.52975	-1.38778e-017	0	1	0
614	4.99953	-0.0108476	0	1	1
615	4.52975	0.28398	0	1	0
616	2.19188	1.87875	0	1	0
617	1.87875	1.87875	0	1	0
618	1.87875	2.19188	0	1	0
619	1.27859	1.27859	0	1	0
620	1.87875	2.505	0	1	0
621	2.19188	2.505	0	1	0
622	1.87875	2.81812	0	1	0
623	2.81812	1.87875	0	1	0
624	2.505	1.87875	0	1	0
625	2.505	2.19188	0	1	0
626	2.81812	2.505	0	1	0
627	2.505	2.505	0	1	0
628	2.505	2.81812	0	1	0
629	0.985984	4.47911	0	1	0
630	0.634982	4.50443	0	1	0
631	0.645733	4.95333	0	1	1
632	1.57059	4.40576	0	1	0
633	1.27829	4.44243	0	1	0
634	1.31141	4.82417	0	1	1
635	1.2525	4.07062	0	1	0
636	1.27859	3.78359	0	1	0
637	1.56562	3.7575	0	1	0
638	2.19188	3.13125	0	1	0
639	1.87875	3.13125	0	1	0
640	1.87875	3.44437	0	1	0
641	1.91102	3.84568	0	1	0
642	2.25641	3.93386	0	1	0
643	1.94328	4.24698	0	1	0
644	2.81812	3.13125	0	1	0
645	2.505	3.13125	0	1	0
646	2.505	3.44437	0	1	0
647	2.82101	3.78408	0	1	0
648	2.53871	3.85897	0	1	0
649	2.57741	4.28081	0	1	1
650	1.95425	4.59733	0	1	1
651	1.82071	4.41162	0	1	0
652	3.44437	1.87875	0	1	0
653	3.13125	1.87875	0	1	0
654	3.13125	2.19188	0	1	0
655	3.13125	2.505	0	1	0
656	3.44437	2.505	0	1	0
657	3.13125	2.81812	0	1	0
658	4.24698	1.94328	0	1	0
659	3.84568	1.91102	0	1	0
660	3.93386	2.25641	0	1	0
661	3.7575	1.56562	0	1	0
662	3.78359	1.27859	0	1	0
663	4.07062	1.2525	0	1	0
664	3.85897	2.53871	0	1	0
665	4.28081	2.57741	0	1	1
666	3.78408	2.82101	0	1	0
667	4.95333	0.645733	0	1	1
668	4.50443	0.634982	0	1	0
669	4.47911	0.985984	0	1	0
670	4.44243	1.27829	0	1	0
671	4.82417	1.31141	0	1	1
672	4.40576	1.57059	0	1	0
673	4.59733	1.95425	0	1	1
674	4.41162	1.82071	0	1	0
675	3.5228	3.14099	0	1	0
676	3.17046	3.13612	0	1	0
677	3.20967	3.45411	0	1	0
678	3.23998	3.80636	0	1	1
679	3.08108	3.67733	0	1	0
680	3.87694	3.15306	0	1	1
681	3.72313	3.03529	0	1	0
