7	8	9	10	
11	12	8	7	
9	8	13	14	
15	13	8	16	
17	16	8	12	
18	19	20	21	
21	20	22	23	
24	25	20	19	
26	22	20	27	
28	27	20	25	
29	7	10	30	
31	32	7	29	
11	7	32	33	
34	18	21	29	
29	21	35	31	
23	33	35	21	
36	34	29	30	
10	9	37	38	
14	39	40	9	
41	37	9	40	
30	10	48	49	
38	50	48	10	
51	36	30	52	
52	30	49	53	
54	51	52	55	
55	52	56	57	
50	56	52	53	
54	55	58	59	
57	60	61	55	
62	58	55	61	
63	64	19	18	
24	19	65	66	
67	65	19	64	
68	69	18	34	
63	18	69	70	
71	34	36	72	
73	68	34	71	
74	71	72	75	
76	77	71	74	
70	73	71	77	
84	85	74	75	
76	74	86	87	
88	86	74	85	
89	90	36	51	
72	36	90	91	
92	93	51	54	
94	89	51	93	
75	72	95	96	
94	95	72	91	
59	97	98	54	
92	54	98	99	
96	100	101	75	
84	75	101	102	
113	114	2	109	
113	109	112	115	
116	6	114	118	
121	119	116	118	
122	118	114	113	
122	113	115	123	
124	121	118	122	
125	124	122	123	
126	112	111	127	
126	127	128	15	
17	115	112	126	
16	17	126	15	
13	15	128	129	
13	129	130	14	
12	123	115	17	
11	125	123	12	
131	132	120	119	
131	119	121	26	
28	133	132	131	
27	28	131	26	
22	26	121	124	
22	124	125	23	
25	134	133	28	
24	135	134	25	
33	23	125	11	
31	35	33	32	
39	14	130	136	
39	136	137	138	
138	41	40	39	
139	138	137	140	
143	41	138	139	
143	139	142	144	
145	37	41	143	
145	143	144	146	
147	38	37	145	
148	147	145	146	
149	144	142	45	
150	146	144	149	
150	149	46	151	
152	148	146	150	
153	152	150	151	
56	50	38	147	
56	147	148	57	
48	50	53	49	
60	57	148	152	
60	152	153	156	
156	62	61	60	
157	156	153	155	
158	62	156	157	
159	58	62	158	
160	59	58	159	
66	161	135	24	
162	163	161	66	
162	66	65	67	
164	165	163	162	
164	162	67	166	
169	167	164	166	
170	166	67	64	
170	64	63	171	
172	169	166	170	
173	172	170	171	
77	171	63	70	
69	68	73	70	
76	173	171	77	
79	167	169	174	
175	174	169	172	
175	172	173	176	
177	82	174	175	
177	175	176	178	
87	176	173	76	
181	178	176	87	
181	87	86	88	
182	180	178	181	
182	181	88	183	
184	183	88	85	
184	85	84	185	
186	95	94	93	
90	89	94	91	
186	93	92	187	
188	96	95	186	
189	188	186	187	
190	97	59	160	
191	192	97	190	
99	98	97	192	
193	187	92	99	
193	99	192	194	
195	189	187	193	
196	195	193	194	
197	194	192	191	
199	100	96	188	
199	188	189	200	
201	202	100	199	
102	101	100	202	
201	199	200	203	
204	185	84	102	
204	102	202	205	
206	205	202	201	
208	200	189	195	
208	195	196	103	
107	203	200	208	
