1	-4.69688	-3.44437	0	1	0
2	-3.71817	-3.33622	0	1	1
3	-3.96625	-3.96625	0	1	0
4	-4.38375	-4.38375	0	1	0
5	-3.44437	-4.69687	0	1	0
6	-3.33622	-3.71817	0	1	1
7	-1.87875	-0.62625	0	1	0
8	-3.13125	-0.62625	0	1	0
9	-3.13125	0.62625	0	1	0
10	-1.87875	0.62625	0	1	0
11	-2.19188	-1.56563	0	1	0
12	-2.81812	-1.56563	0	1	0
13	-4.07062	-0.313125	0	1	0
14	-4.07062	0.313125	0	1	0
15	-4.07062	-0.939375	0	1	0
16	-3.54875	-1.04375	0	1	0
17	-3.44437	-1.56563	0	1	0
18	0.62625	-1.87875	0	1	0
19	0.62625	-3.13125	0	1	0
20	-0.62625	-3.13125	0	1	0
21	-0.62625	-1.87875	0	1	0
22	-1.56562	-2.81812	0	1	0
23	-1.56562	-2.19187	0	1	0
24	0.313125	-4.07062	0	1	0
25	-0.313125	-4.07062	0	1	0
26	-1.56562	-3.44437	0	1	0
27	-1.04375	-3.54875	0	1	0
28	-0.939375	-4.07062	0	1	0
29	-0.62625	-0.62625	0	1	0
30	-0.62625	0.62625	0	1	0
31	-1.04375	-1.04375	0	1	0
32	-1.46125	-1.04375	0	1	0
33	-1.56562	-1.56563	0	1	0
34	0.62625	-0.62625	0	1	0
35	-1.04375	-1.46125	0	1	0
36	0.62625	0.62625	0	1	0
37	-2.81812	1.56562	0	1	0
38	-2.19187	1.56562	0	1	0
39	-4.07062	0.939375	0	1	0
40	-3.54875	1.04375	0	1	0
41	-3.44437	1.56562	0	1	0
42	-4.69687	3.44437	0	1	0
43	-4.38375	4.38375	0	1	0
44	-3.96625	3.96625	0	1	0
45	-3.71817	3.33622	0	1	1
46	-3.33622	3.71817	0	1	1
47	-3.44437	4.69687	0	1	0
48	-1.46125	1.04375	0	1	0
49	-1.04375	1.04375	0	1	0
50	-1.56562	1.56562	0	1	0
51	0.62625	1.87875	0	1	0
52	-0.62625	1.87875	0	1	0
53	-1.04375	1.46125	0	1	0
54	0.62625	3.13125	0	1	0
55	-0.62625	3.13125	0	1	0
56	-1.56562	2.19188	0	1	0
57	-1.56562	2.81812	0	1	0
58	-0.313125	4.07062	0	1	0
59	0.313125	4.07062	0	1	0
60	-1.56562	3.44437	0	1	0
61	-1.04375	3.54875	0	1	0
62	-0.939375	4.07062	0	1	0
63	1.56562	-2.19187	0	1	0
64	1.56562	-2.81812	0	1	0
65	1.04375	-3.54875	0	1	0
66	0.939375	-4.07062	0	1	0
67	1.56562	-3.44437	0	1	0
68	1.04375	-1.04375	0	1	0
69	1.04375	-1.46125	0	1	0
70	1.56562	-1.56563	0	1	0
71	1.87875	-0.62625	0	1	0
72	1.87875	0.62625	0	1	0
73	1.46125	-1.04375	0	1	0
74	3.13125	-0.62625	0	1	0
75	3.13125	0.62625	0	1	0
76	2.81812	-1.56563	0	1	0
77	2.19188	-1.56563	0	1	0
78	3.44437	-4.69687	0	1	0
79	3.33622	-3.71817	0	1	1
80	3.96625	-3.96625	0	1	0
81	4.38375	-4.38375	0	1	0
82	3.71817	-3.33622	0	1	1
83	4.69688	-3.44437	0	1	0
84	4.07062	0.313125	0	1	0
85	4.07062	-0.313125	0	1	0
86	3.54875	-1.04375	0	1	0
87	3.44437	-1.56563	0	1	0
88	4.07062	-0.939375	0	1	0
89	1.04375	1.46125	0	1	0
90	1.04375	1.04375	0	1	0
91	1.46125	1.04375	0	1	0
92	1.56562	2.81812	0	1	0
93	1.56562	2.19188	0	1	0
94	1.56562	1.56562	0	1	0
95	2.19188	1.56562	0	1	0
96	2.81812	1.56562	0	1	0
97	0.939375	4.07062	0	1	0
98	1.04375	3.54875	0	1	0
99	1.56562	3.44437	0	1	0
100	3.44437	1.56562	0	1	0
101	3.54875	1.04375	0	1	0
102	4.07062	0.939375	0	1	0
103	3.33622	3.71817	0	1	1
104	3.44437	4.69687	0	1	0
105	4.38375	4.38375	0	1	0
106	3.96625	3.96625	0	1	0
107	3.71817	3.33622	0	1	1
108	4.69688	3.44437	0	1	0
109	-4.12378	-2.8239	0	1	1
110	-4.69688	-2.81812	0	1	0
111	-4.47583	-2.22011	0	1	1
112	-4.42334	-2.32094	0	1	1
113	-3.44437	-2.81812	0	1	0
114	-3.46385	-3.60122	0	1	1
115	-3.44437	-2.19187	0	1	0
116	-2.8239	-4.12378	0	1	1
117	-2.81812	-4.69687	0	1	0
118	-2.81812	-3.44437	0	1	0
119	-2.32094	-4.42334	0	1	1
120	-2.22011	-4.47583	0	1	1
121	-2.19187	-3.44437	0	1	0
122	-2.81812	-2.81812	0	1	0
123	-2.81812	-2.19187	0	1	0
124	-2.19188	-2.81812	0	1	0
125	-2.19187	-2.19187	0	1	0
126	-4.07062	-1.56563	0	1	0
127	-4.74089	-1.57555	0	1	1
128	-4.8876	-1.03259	0	1	1
129	-4.98887	-0.254835	0	1	1
130	-4.98887	0.254835	0	1	1
131	-1.56562	-4.07062	0	1	0
132	-1.57555	-4.74089	0	1	1
133	-1.03259	-4.8876	0	1	1
134	-0.254835	-4.98887	0	1	1
135	0.254835	-4.98887	0	1	1
136	-4.8876	1.03259	0	1	1
137	-4.74089	1.57555	0	1	1
138	-4.07062	1.56562	0	1	0
139	-4.42334	2.32094	0	1	1
140	-4.47583	2.22011	0	1	1
141	-4.69687	2.81812	0	1	0
142	-4.12378	2.8239	0	1	1
143	-3.44437	2.19188	0	1	0
144	-3.44437	2.81812	0	1	0
145	-2.81812	2.19188	0	1	0
146	-2.81812	2.81812	0	1	0
147	-2.19188	2.19188	0	1	0
148	-2.19187	2.81812	0	1	0
149	-3.46385	3.60122	0	1	1
150	-2.81812	3.44437	0	1	0
151	-2.8239	4.12378	0	1	1
152	-2.19188	3.44437	0	1	0
153	-2.32094	4.42334	0	1	1
154	-2.81812	4.69687	0	1	0
155	-2.22011	4.47583	0	1	1
156	-1.56562	4.07062	0	1	0
157	-1.57555	4.74089	0	1	1
158	-1.03259	4.8876	0	1	1
159	-0.254835	4.98887	0	1	1
160	0.254835	4.98887	0	1	1
161	1.03259	-4.8876	0	1	1
162	1.56562	-4.07062	0	1	0
163	1.57555	-4.74089	0	1	1
164	2.32094	-4.42334	0	1	1
165	2.22011	-4.47583	0	1	1
166	2.19188	-3.44437	0	1	0
167	2.8239	-4.12378	0	1	1
168	2.81812	-4.69687	0	1	0
169	2.81812	-3.44437	0	1	0
170	2.19188	-2.81812	0	1	0
171	2.19188	-2.19187	0	1	0
172	2.81812	-2.81812	0	1	0
173	2.81812	-2.19187	0	1	0
174	3.46385	-3.60122	0	1	1
175	3.44437	-2.81812	0	1	0
176	3.44437	-2.19187	0	1	0
177	4.12378	-2.8239	0	1	1
178	4.42334	-2.32094	0	1	1
179	4.69688	-2.81812	0	1	0
180	4.47583	-2.22011	0	1	1
181	4.07062	-1.56563	0	1	0
182	4.74089	-1.57555	0	1	1
183	4.8876	-1.03259	0	1	1
184	4.98887	-0.254835	0	1	1
185	4.98887	0.254835	0	1	1
186	2.19188	2.19188	0	1	0
187	2.19188	2.81812	0	1	0
188	2.81812	2.19188	0	1	0
189	2.81812	2.81812	0	1	0
190	1.03259	4.8876	0	1	1
191	1.57555	4.74089	0	1	1
192	1.56562	4.07062	0	1	0
193	2.19188	3.44437	0	1	0
194	2.32094	4.42334	0	1	1
195	2.81812	3.44437	0	1	0
196	2.8239	4.12378	0	1	1
197	2.22011	4.47583	0	1	1
198	2.81812	4.69687	0	1	0
199	3.44437	2.19188	0	1	0
200	3.44437	2.81812	0	1	0
201	4.42334	2.32094	0	1	1
202	4.07062	1.56562	0	1	0
203	4.12378	2.8239	0	1	1
204	4.8876	1.03259	0	1	1
205	4.74089	1.57555	0	1	1
206	4.47583	2.22011	0	1	1
207	4.69688	2.81812	0	1	0
208	3.60122	3.46385	0	1	1
