5.0000000000000000  0.0000000000000000
4.9809734904587275  0.4357787137382908
4.9240387650610398  0.8682408883346516
4.8296291314453415  1.2940952255126037
4.6984631039295426  1.7101007166283435
4.5315389351832494  2.1130913087034973
4.3301270189221928  2.5000000000000000
4.0957602214449587  2.8678821817552302
3.8302222155948900  3.2139380484326963
3.5355339059327378  3.5355339059327378
3.2139380484326963  3.8302222155948900
2.8678821817552302  4.0957602214449587
2.5000000000000000  4.3301270189221928
2.1130913087034973  4.5315389351832494
1.7101007166283435  4.6984631039295426
1.2940952255126037  4.8296291314453415
0.8682408883346516  4.9240387650610398
0.4357787137382908  4.9809734904587275
0.0000000000000000  5.0000000000000000
-0.4357787137382908  4.9809734904587275
-0.8682408883346516  4.9240387650610398
-1.2940952255126037  4.8296291314453415
-1.7101007166283435  4.6984631039295426
-2.1130913087034973  4.5315389351832494
-2.5000000000000000  4.3301270189221928
-2.8678821817552302  4.0957602214449587
-3.2139380484326963  3.8302222155948900
-3.5355339059327378  3.5355339059327378
-3.8302222155948900  3.2139380484326963
-4.0957602214449587  2.8678821817552302
-4.3301270189221928  2.5000000000000000
-4.5315389351832494  2.1130913087034973
-4.6984631039295426  1.7101007166283435
-4.8296291314453415  1.2940952255126037
-4.9240387650610398  0.8682408883346516
-4.9809734904587275  0.4357787137382908
-5.0000000000000000  0.0000000000000000
-4.9809734904587275  -0.4357787137382908
-4.9240387650610398  -0.8682408883346516
-4.8296291314453415  -1.2940952255126037
-4.6984631039295426  -1.7101007166283435
-4.5315389351832494  -2.1130913087034973
-4.3301270189221928  -2.5000000000000000
-4.0957602214449587  -2.8678821817552302
-3.8302222155948900  -3.2139380484326963
-3.5355339059327378  -3.5355339059327378
-3.2139380484326963  -3.8302222155948900
-2.8678821817552302  -4.0957602214449587
-2.5000000000000000  -4.3301270189221928
-2.1130913087034973  -4.5315389351832494
-1.7101007166283435  -4.6984631039295426
-1.2940952255126037  -4.8296291314453415
-0.8682408883346516  -4.9240387650610398
-0.4357787137382908  -4.9809734904587275
0.0000000000000000  -5.0000000000000000
0.4357787137382908  -4.9809734904587275
0.8682408883346516  -4.9240387650610398
1.2940952255126037  -4.8296291314453415
1.7101007166283435  -4.6984631039295426
2.1130913087034973  -4.5315389351832494
2.5000000000000000  -4.3301270189221928
2.8678821817552302  -4.0957602214449587
3.2139380484326963  -3.8302222155948900
3.5355339059327378  -3.5355339059327378
3.8302222155948900  -3.2139380484326963
4.0957602214449587  -2.8678821817552302
4.3301270189221928  -2.5000000000000000
4.5315389351832494  -2.1130913087034973
4.6984631039295426  -1.7101007166283435
4.8296291314453415  -1.2940952255126037
4.9240387650610398  -0.8682408883346516
4.9809734904587275  -0.4357787137382908
